[[1541, 1856, 46, 37], [1938, 1594, 37, 58], [3378, 1586, 22, 33], [2732, 1453, 46, 45], [3515, 1135, 51, 31], [2549, 1123, 31, 40], [1305, 1040, 45, 52], [813, 993, 48, 49], [1440, 774, 33, 39], [1259, 580, 40, 33]]
[[2161, 846, 16, 31]]
[[1279, 2151, 30, 18], [1999, 2103, 34, 18], [2261, 1827, 30, 15], [180, 1659, 60, 31], [2426, 1626, 39, 51], [897, 1110, 37, 49], [2461, 1108, 27, 43], [1944, 840, 48, 24], [2057, 831, 33, 36], [3883, 725, 46, 31]]
[[965, 2124, 28, 24], [1548, 1453, 28, 33], [2763, 1399, 36, 54], [1178, 1077, 21, 33]]
[[1488, 2391, 55, 34], [1977, 802, 19, 33], [4382, 263, 27, 28]]
[[1475, 2143, 39, 30], [1479, 2116, 30, 28]]
[[4812, 1676, 36, 19], [2476, 1651, 36, 21], [2463, 1638, 27, 21], [4347, 490, 37, 42]]
[]
[[2378, 2264, 40, 48], [1622, 2135, 22, 33], [3098, 2087, 34, 34], [2327, 1998, 37, 28], [4918, 1960, 34, 24], [3058, 1918, 54, 27], [908, 1725, 30, 34], [3354, 1649, 42, 36], [4571, 1543, 30, 19], [4180, 1397, 90, 87], [3138, 1385, 36, 31], [3319, 1176, 25, 18], [1846, 1137, 30, 19], [3455, 1115, 42, 51], [3463, 1079, 40, 34], [1847, 1039, 40, 42], [3058, 887, 57, 45], [4651, 675, 27, 40], [1550, 537, 45, 33], [856, 381, 22, 39]]
[[3916, 2329, 43, 25], [2622, 2300, 28, 37], [2952, 2280, 24, 24], [4978, 2198, 28, 19], [1474, 2189, 28, 24], [1919, 2186, 43, 28], [3823, 2130, 16, 31], [1196, 2115, 34, 21], [1595, 1949, 27, 34], [3194, 1941, 57, 39], [4347, 1919, 27, 43], [3098, 1716, 51, 33], [2614, 1679, 31, 60], [2683, 1664, 27, 39], [2729, 1591, 39, 31], [3744, 1575, 40, 24], [3230, 1516, 43, 22], [3743, 1437, 27, 51], [2113, 1349, 37, 31], [3289, 1137, 39, 21], [4542, 1079, 40, 22]]
[[4795, 1974, 27, 31], [4844, 1713, 24, 28], [4764, 407, 36, 30]]
[[1893, 2191, 27, 34], [2991, 2147, 42, 34], [3913, 2016, 61, 66], [2760, 1999, 25, 42], [1191, 1992, 42, 24], [2176, 1049, 22, 28], [1397, 977, 39, 28], [1536, 635, 21, 22], [1381, 469, 43, 27]]
[[2438, 2295, 43, 51], [1660, 2172, 25, 40], [3169, 2107, 36, 33], [2381, 2027, 45, 30], [4994, 1953, 25, 22], [922, 1758, 37, 49], [3079, 1712, 45, 27], [3424, 1663, 40, 27], [4638, 1538, 30, 22], [3208, 1393, 40, 31], [1525, 1170, 19, 34], [4311, 1157, 73, 49], [3520, 1118, 48, 54], [3525, 1078, 43, 37], [1885, 1056, 45, 45], [3115, 889, 58, 48], [4714, 669, 25, 36], [1576, 545, 54, 40], [857, 386, 39, 58]]
[[3440, 2193, 25, 42], [2529, 1998, 31, 46], [2532, 1909, 42, 27], [2741, 1787, 48, 39], [2797, 1688, 42, 40], [2857, 1636, 45, 34], [2267, 1574, 46, 25], [2838, 1531, 34, 27], [3220, 1506, 21, 16], [3494, 1476, 51, 37], [3379, 1466, 28, 55], [108, 1455, 30, 37], [1963, 1446, 24, 45], [3378, 1419, 49, 25], [2628, 1347, 54, 40], [1025, 967, 22, 24], [3538, 907, 25, 25], [3173, 887, 45, 24], [2004, 838, 52, 27]]
[[1574, 2136, 21, 15], [1725, 2110, 48, 51], [3639, 2102, 43, 40], [1684, 1945, 21, 19], [2705, 1891, 13, 22], [4285, 1630, 25, 27], [2030, 1628, 42, 37], [2818, 1613, 34, 19], [4387, 1523, 27, 18], [2069, 1258, 22, 34], [2870, 942, 52, 27], [1662, 764, 27, 22], [5358, 400, 45, 33]]
[[2505, 1465, 22, 22], [4524, 1441, 24, 30], [2484, 830, 36, 19], [3608, 791, 19, 30], [2837, 731, 49, 25], [5337, 472, 52, 30]]
[[1585, 2136, 21, 15], [2897, 1920, 42, 33], [2716, 1890, 13, 22], [3281, 1588, 33, 39], [3463, 1502, 18, 36], [3166, 1465, 21, 28], [4595, 1450, 40, 31], [4199, 1382, 21, 36], [2937, 856, 28, 34], [3395, 829, 27, 33], [5435, 799, 33, 25], [4449, 296, 39, 37], [4027, 230, 39, 25], [4670, 168, 28, 33]]
[[4543, 2365, 22, 16], [1551, 2312, 36, 31], [1495, 2283, 25, 22], [3521, 2248, 42, 24], [1495, 2234, 52, 36], [3490, 2141, 18, 30], [3646, 2129, 21, 25], [1079, 2036, 31, 16], [3877, 2025, 18, 36], [4635, 2024, 18, 31], [4878, 1990, 24, 31], [1117, 1788, 34, 49], [3505, 1683, 28, 46], [2614, 1658, 51, 31], [3213, 1537, 33, 49], [1782, 1363, 46, 25], [2630, 826, 18, 34], [2747, 782, 48, 33], [1299, 535, 58, 39]]
[[4145, 2089, 42, 48], [2159, 1748, 31, 28], [1187, 1658, 25, 39], [3203, 1480, 67, 36], [1307, 875, 58, 37], [1725, 866, 51, 31], [2217, 828, 45, 30], [3875, 340, 30, 48]]
[[3245, 2258, 57, 39], [1184, 840, 33, 28], [1055, 540, 24, 30], [5751, 170, 30, 21]]
[[4109, 2136, 22, 36], [5561, 1899, 45, 27], [1444, 1733, 37, 30], [2576, 1616, 58, 30], [3881, 1593, 24, 45], [3854, 1588, 36, 36], [3878, 1580, 25, 22], [4232, 1441, 30, 31], [4265, 1116, 27, 34], [3846, 1034, 22, 42], [2206, 1014, 40, 34], [2253, 1002, 36, 48], [4191, 696, 45, 24]]
[[4308, 2309, 37, 22], [3802, 2003, 34, 27], [3686, 1530, 39, 21], [952, 907, 27, 34], [5599, 279, 49, 51]]
[[3743, 2249, 25, 19], [3454, 2009, 31, 19], [4991, 1995, 45, 30], [1616, 1787, 16, 28], [2056, 1054, 43, 33], [3120, 1025, 55, 55], [1384, 811, 27, 21], [1562, 526, 37, 25], [5125, 432, 45, 42]]
[[3271, 2348, 36, 34], [3135, 1048, 49, 40]]
[[3909, 2093, 39, 36], [3088, 1834, 24, 30], [1185, 1052, 42, 24]]
[[3451, 1558, 36, 39], [1981, 1407, 66, 40], [5164, 271, 37, 25]]
[]
[[3041, 1703, 25, 25], [4795, 707, 25, 27]]
[[3480, 1323, 25, 27], [5819, 1154, 39, 27]]
[[3002, 1739, 40, 36], [2806, 1651, 39, 52], [4350, 270, 18, 36]]
[[4310, 2196, 40, 42], [4842, 1883, 39, 55], [1814, 1826, 33, 34], [4804, 1695, 21, 28]]
[[1600, 2129, 27, 28], [2616, 1770, 39, 27], [1146, 1601, 22, 31], [2060, 1415, 51, 54], [4328, 717, 39, 42]]
[[2693, 2162, 49, 36], [3861, 1985, 28, 39], [3796, 1543, 18, 34], [5058, 1201, 31, 18], [3319, 1102, 25, 37], [705, 1001, 34, 28], [3555, 913, 42, 67], [4849, 745, 36, 22], [1372, 475, 34, 55]]
[[3698, 2317, 37, 33], [3114, 2198, 24, 25], [3829, 2119, 34, 52], [4143, 1726, 25, 33], [2781, 735, 18, 34], [1048, 651, 21, 33], [1784, 265, 33, 30]]
[[4878, 2334, 28, 18], [3255, 2145, 30, 28], [3133, 2049, 48, 64], [4416, 2033, 48, 25], [2482, 1934, 49, 42], [4778, 1894, 37, 39], [4435, 1743, 34, 46], [2194, 1697, 34, 37], [3504, 1480, 57, 34], [2393, 1354, 25, 39], [2331, 1345, 27, 24], [3358, 1115, 46, 25], [3592, 863, 34, 24], [4579, 541, 28, 19]]
[[1067, 2147, 48, 27], [2239, 1528, 58, 30], [2536, 1341, 33, 48], [2142, 1088, 25, 46], [4321, 1038, 21, 31], [3968, 713, 34, 48]]
[[4413, 1503, 30, 34], [2155, 1377, 48, 57], [1594, 1352, 36, 33]]
[[2785, 1675, 27, 43], [4238, 670, 40, 31], [4300, 571, 43, 37], [4011, 549, 39, 43], [4610, 329, 31, 33], [4249, 167, 51, 45]]
[[4374, 2251, 63, 45], [3688, 2110, 39, 49], [2672, 1839, 49, 49], [4766, 1765, 27, 21], [2792, 1745, 58, 67], [3157, 1351, 34, 31], [3316, 962, 46, 55], [4433, 827, 21, 42], [2424, 664, 49, 31]]
[[839, 2009, 33, 39], [3195, 1918, 49, 45], [1287, 1687, 36, 51], [2366, 1494, 18, 28], [3944, 792, 48, 40], [3404, 658, 31, 18], [303, 635, 54, 57]]
[[2803, 1524, 42, 78], [1402, 1426, 40, 31], [1010, 1289, 42, 22], [2246, 995, 27, 43]]
[[463, 2279, 30, 42], [3856, 1971, 46, 30], [3225, 1950, 36, 46], [422, 1580, 40, 51], [3288, 1522, 78, 51], [2147, 1097, 30, 19], [3203, 1005, 45, 43], [3891, 818, 43, 58], [3438, 726, 24, 33], [599, 565, 19, 30]]
[[239, 2327, 27, 27], [394, 2207, 19, 24], [3456, 2185, 54, 36], [3148, 2059, 37, 28], [3888, 1982, 39, 42], [2574, 1777, 37, 58], [2358, 1534, 37, 22], [1661, 1434, 25, 25], [263, 1012, 30, 36], [4694, 914, 37, 31], [4391, 702, 43, 40]]
[[3274, 1932, 22, 24], [866, 1910, 19, 28], [4611, 1901, 27, 24], [1482, 1400, 18, 33], [1314, 1367, 39, 34], [3690, 1322, 34, 39], [2301, 1079, 42, 25], [3675, 1066, 37, 34], [2028, 1004, 30, 39], [984, 880, 28, 37], [1855, 485, 48, 43], [1394, 264, 36, 22]]
[[2549, 2233, 43, 25], [3255, 1846, 43, 45], [4317, 1674, 52, 34], [3302, 1616, 39, 43], [3075, 1568, 37, 39], [3469, 1515, 63, 39], [2220, 1504, 36, 22]]
[[1968, 2237, 31, 31], [1267, 2231, 16, 30], [3869, 2076, 33, 19], [1204, 1987, 37, 34], [873, 1595, 36, 19], [3519, 1479, 30, 28], [995, 1473, 67, 37], [1120, 1348, 54, 45], [2249, 884, 40, 36], [4817, 533, 36, 33], [1002, 309, 49, 25]]
[[3617, 1391, 55, 34], [5743, 631, 46, 36]]
[[3457, 2248, 30, 31], [2240, 2180, 42, 40], [3612, 2146, 31, 30], [3293, 1986, 28, 54], [3521, 1866, 51, 27], [3058, 1795, 30, 19], [2310, 1662, 31, 46], [2273, 1588, 27, 16], [2482, 1326, 24, 33], [1156, 898, 24, 40]]
[[2913, 2317, 27, 25], [1563, 2034, 36, 19], [2769, 2001, 27, 49], [1133, 1957, 37, 52], [2659, 1841, 46, 28], [3339, 1835, 40, 30], [2366, 1633, 21, 42], [4081, 1441, 34, 51], [2758, 1397, 42, 39], [4527, 949, 51, 43]]
[[4267, 2210, 24, 40], [2755, 2195, 49, 45], [2715, 1937, 16, 31], [2715, 1774, 15, 24], [2714, 1333, 16, 24], [2714, 1159, 15, 28], [2921, 1126, 25, 27], [2990, 1098, 33, 45], [2713, 1045, 16, 27], [2713, 725, 15, 24]]
[[2306, 2142, 91, 85], [3006, 2145, 40, 61], [2254, 2110, 57, 34], [3687, 2067, 28, 30], [1986, 2007, 64, 72], [2362, 1462, 19, 22], [1345, 1350, 31, 27], [3741, 818, 49, 67], [1158, 645, 42, 21], [4444, 380, 42, 31]]
[[980, 2394, 31, 39], [3084, 2226, 61, 55], [1269, 2145, 49, 49], [4490, 2113, 55, 31], [3649, 1988, 52, 46], [5019, 1805, 46, 55], [4814, 1691, 55, 31], [3881, 1553, 75, 40], [2373, 1523, 25, 22], [4604, 1092, 24, 39], [4496, 855, 61, 49], [4552, 782, 52, 52], [4259, 768, 24, 21], [4033, 428, 54, 54], [4234, 234, 28, 37]]
[[3128, 2213, 36, 22], [4918, 1473, 64, 36], [4836, 1338, 36, 51], [4281, 1054, 21, 28], [3878, 1029, 45, 24], [4040, 839, 33, 49], [1143, 532, 28, 36], [4724, 317, 48, 36]]
[[4662, 2098, 30, 40], [2798, 2003, 22, 30], [3857, 1997, 45, 43], [815, 1535, 42, 52], [2250, 1432, 60, 31], [1824, 1427, 37, 48], [2266, 1277, 39, 63], [4341, 1275, 42, 36], [2471, 920, 30, 58], [2247, 705, 43, 34], [1845, 661, 36, 33], [588, 646, 48, 30], [1856, 520, 30, 31], [820, 310, 34, 52], [1407, 274, 57, 70]]
[[5071, 2038, 37, 34], [1587, 1721, 27, 39], [5152, 1048, 43, 24], [3409, 884, 31, 45], [4507, 368, 19, 37]]
[[1565, 2121, 36, 42], [3467, 1650, 24, 31], [4640, 1609, 67, 37], [2621, 1566, 54, 31], [4466, 871, 60, 48], [3097, 861, 55, 45]]
[[4661, 2124, 49, 45], [3554, 1905, 31, 46], [3264, 1813, 33, 46], [5031, 1713, 31, 28], [3468, 1576, 48, 48], [5080, 1459, 33, 46], [3835, 1378, 64, 49], [2900, 917, 24, 21], [2877, 797, 28, 16], [2738, 739, 64, 48], [4526, 593, 67, 37]]
[[1868, 2198, 52, 45], [5218, 1947, 39, 24], [4463, 1873, 24, 19], [3070, 1787, 25, 21], [2860, 1673, 31, 36], [2616, 1434, 52, 31], [3592, 1427, 55, 28], [2115, 1403, 22, 43], [3200, 776, 31, 45], [1541, 423, 31, 21]]
[[3936, 2114, 67, 49], [2148, 1796, 22, 39], [3247, 1573, 24, 43], [4264, 244, 24, 46], [4878, 184, 37, 28]]
[[4764, 2249, 33, 46], [4363, 2176, 37, 70], [2377, 1896, 42, 43], [4575, 1780, 52, 42], [4472, 1660, 52, 36], [4433, 1458, 67, 57], [2706, 898, 33, 48], [4243, 235, 45, 48]]
[[3431, 1894, 39, 52], [901, 1621, 73, 52], [4551, 1512, 63, 33], [2509, 989, 22, 37], [1849, 970, 45, 46], [1280, 915, 34, 39]]
[[3024, 2273, 33, 57], [3201, 2250, 45, 48], [3796, 2230, 43, 33], [3026, 1897, 51, 40], [3133, 1831, 57, 61], [3029, 1825, 37, 49], [3262, 1520, 40, 21], [2757, 1448, 13, 25], [3661, 746, 42, 52], [1439, 417, 42, 42]]
[[4482, 1873, 55, 48], [4995, 1317, 46, 64], [4842, 900, 52, 42]]
[[3268, 2009, 25, 39], [4746, 1980, 34, 51], [2887, 1822, 30, 43], [4649, 1620, 39, 27], [3270, 1365, 21, 34], [3006, 1353, 16, 31], [3002, 1187, 16, 24], [5209, 1071, 60, 31], [2999, 1071, 15, 28], [2991, 753, 15, 21], [1983, 293, 18, 19]]
[[3220, 2079, 28, 54], [4705, 2064, 39, 52], [2829, 1902, 51, 45], [4611, 1702, 42, 28], [3217, 1446, 27, 48], [1925, 1272, 60, 49], [5188, 1144, 51, 31], [5780, 1063, 54, 69], [5835, 976, 31, 19], [5831, 777, 28, 21], [4019, 698, 36, 69]]
[[3938, 1573, 45, 24], [4251, 1341, 60, 43], [4601, 1162, 34, 33], [4739, 1040, 34, 33], [1188, 964, 37, 25], [3294, 883, 48, 60], [5054, 848, 30, 51], [3915, 733, 37, 67], [4912, 734, 16, 31], [293, 574, 40, 39], [1447, 286, 69, 39]]
[[1576, 2183, 39, 43], [2986, 2158, 70, 43], [1973, 2089, 39, 49], [3071, 1785, 40, 79], [2323, 1656, 34, 31], [2365, 1475, 70, 70], [2138, 863, 63, 46], [2332, 846, 30, 31], [5863, 648, 28, 51]]
[[1564, 2129, 33, 31], [5142, 1808, 34, 19], [2315, 1754, 28, 42], [3345, 1688, 40, 39], [3845, 1634, 48, 46], [4418, 1161, 61, 37], [1493, 1083, 43, 63], [2543, 1075, 61, 33], [1942, 992, 58, 61], [1598, 984, 21, 33], [1547, 563, 58, 37], [4306, 506, 43, 66], [4420, 281, 28, 39], [606, 251, 43, 48]]
[[611, 2002, 33, 25], [5193, 1945, 61, 39], [2286, 1841, 43, 40], [2600, 1751, 45, 64], [2081, 1673, 72, 36], [2237, 1408, 69, 64], [4939, 1383, 19, 33], [4416, 1101, 49, 42], [3430, 1087, 42, 51], [3472, 1019, 30, 30], [3599, 732, 19, 25], [1403, 358, 52, 27], [926, 211, 39, 21]]
[[4554, 2360, 24, 40], [3580, 2243, 25, 43], [2764, 2224, 34, 52], [3591, 2063, 51, 30], [733, 1901, 39, 36], [4197, 1596, 42, 31], [772, 1505, 30, 31], [2072, 1398, 37, 33], [4762, 1050, 21, 34], [1113, 904, 25, 45], [1614, 767, 30, 33], [3966, 760, 51, 33], [2448, 740, 36, 21], [4951, 533, 22, 36], [1245, 472, 54, 27], [1501, 397, 55, 70]]
[[3481, 2148, 42, 22], [2092, 2054, 27, 37], [2591, 2002, 54, 36], [4402, 1888, 30, 37], [2273, 1882, 46, 45], [1916, 1854, 48, 51], [2972, 1826, 18, 22], [1957, 1758, 42, 31], [3154, 1751, 54, 60], [4747, 1672, 27, 16], [4383, 1640, 25, 48], [4459, 1498, 33, 28], [2976, 1442, 57, 33], [1378, 965, 51, 42], [4497, 931, 27, 25], [3269, 740, 45, 37], [2064, 712, 42, 51]]
[[1837, 2254, 36, 19], [1545, 2069, 52, 30], [2787, 2045, 24, 21], [2662, 2034, 52, 33], [1057, 2023, 60, 30], [1367, 1958, 51, 34], [2310, 1904, 60, 33], [1914, 1864, 27, 22], [4694, 1633, 58, 33], [4708, 1613, 34, 28], [1862, 1590, 33, 60], [4022, 1569, 42, 36], [4467, 1459, 54, 30], [4841, 1434, 33, 28], [3969, 1427, 49, 46], [3719, 1026, 27, 18], [3457, 905, 57, 58], [4524, 874, 33, 28], [3270, 814, 46, 63], [3762, 800, 48, 36], [1422, 789, 34, 33], [4575, 637, 37, 49], [5057, 390, 21, 27], [4509, 263, 19, 24], [4500, 243, 31, 27], [4914, 194, 27, 25]]
[[2239, 2320, 39, 21], [2284, 2243, 48, 46], [2406, 2163, 42, 57], [970, 1781, 39, 51], [2959, 1461, 63, 39], [3217, 1454, 49, 39], [1803, 1018, 19, 25], [1796, 668, 39, 31]]
[[4151, 2205, 42, 37], [282, 2085, 33, 45], [3826, 2006, 37, 24], [4222, 1962, 54, 28], [3232, 1953, 34, 21], [3475, 1734, 25, 18], [3117, 1135, 21, 37], [4580, 1050, 31, 37], [4215, 1023, 48, 24], [853, 408, 48, 46], [4203, 346, 30, 31], [4851, 264, 19, 28]]
[[2337, 2258, 37, 24], [3690, 2221, 27, 34], [4498, 2136, 64, 48], [2994, 2131, 45, 31], [3001, 1738, 40, 66], [3477, 1685, 39, 54], [3047, 1679, 30, 48], [1550, 682, 22, 21], [5104, 658, 39, 30]]
[[2545, 2185, 55, 42], [4429, 2109, 52, 39], [3384, 1863, 39, 34], [2270, 1808, 27, 34], [3197, 1800, 46, 52], [3168, 1119, 24, 43], [4331, 1090, 46, 28], [2317, 1058, 25, 43], [4869, 462, 63, 33], [833, 438, 37, 27], [4433, 419, 63, 39]]
[[2392, 2234, 22, 43], [4605, 1435, 69, 43], [1309, 1435, 19, 33], [300, 1243, 33, 25], [1808, 982, 18, 24], [3356, 862, 46, 45], [1472, 544, 40, 21]]
[[2317, 2132, 42, 46], [2445, 1986, 37, 22], [1814, 1963, 39, 34], [2685, 1021, 51, 34], [4227, 932, 40, 46], [1946, 847, 24, 37], [295, 743, 55, 33], [4723, 565, 46, 43]]
[[4984, 2298, 33, 19], [2828, 2262, 27, 40], [2238, 2090, 43, 57], [1374, 1920, 33, 21], [2377, 1783, 42, 34], [821, 1646, 27, 31], [3371, 1514, 61, 49], [3827, 1383, 36, 52], [2390, 911, 39, 46], [3582, 799, 33, 24]]
[[3818, 2291, 36, 28], [1806, 2250, 42, 49], [1909, 1717, 45, 42], [2292, 1684, 48, 37], [3960, 1377, 24, 21], [3894, 1140, 54, 31], [271, 1087, 54, 39], [2419, 1063, 46, 40], [164, 569, 79, 82]]
[[3840, 2078, 70, 36], [4281, 2062, 42, 22], [3712, 1786, 49, 51], [2994, 1622, 42, 45], [3713, 1572, 73, 52], [3834, 1561, 45, 31], [3596, 1516, 49, 45], [3657, 1455, 57, 40], [3617, 1409, 31, 48], [3143, 1123, 34, 57], [2295, 1067, 67, 36], [2160, 1009, 31, 34], [3664, 928, 30, 21], [3136, 887, 24, 40], [3616, 765, 34, 27], [772, 301, 43, 25]]
[[974, 2141, 43, 34], [879, 2067, 57, 33], [1529, 2005, 30, 40], [2193, 1940, 28, 34], [995, 1888, 37, 21], [4397, 1703, 34, 21], [3804, 1640, 33, 61], [1173, 1643, 25, 36], [2171, 1634, 24, 39], [3302, 1513, 31, 42], [2059, 1442, 25, 27], [3610, 1131, 21, 37], [2630, 1018, 69, 42], [211, 1014, 70, 36], [2560, 901, 31, 27], [3791, 767, 39, 24]]
[[2184, 2248, 40, 39], [1850, 2243, 58, 39], [1910, 2132, 43, 43], [1178, 2112, 54, 45], [1988, 2095, 52, 43], [1031, 2023, 40, 31], [3326, 1893, 28, 46], [2522, 1853, 28, 40], [3328, 1823, 24, 39], [1362, 1778, 49, 42], [1585, 1708, 19, 36], [3092, 1695, 72, 43], [3177, 1686, 36, 48], [906, 1501, 52, 34], [1570, 1401, 31, 34], [3558, 1348, 31, 21], [4928, 1090, 40, 58], [3863, 1030, 28, 52], [3123, 949, 25, 31], [3478, 780, 45, 46], [944, 673, 37, 49], [725, 603, 30, 19], [1322, 527, 49, 54], [1098, 455, 31, 24], [1055, 405, 33, 42], [4533, 178, 28, 30]]
[[2602, 2240, 52, 69], [966, 2149, 33, 28], [4392, 1923, 51, 42], [1079, 1569, 34, 28], [3484, 1559, 46, 43], [2025, 1003, 40, 63]]
[[3201, 2195, 36, 24], [4810, 2189, 31, 54], [2565, 2114, 46, 37], [1231, 1698, 36, 39], [1452, 1509, 22, 42], [2177, 1430, 31, 34], [3686, 1347, 28, 22], [3000, 865, 46, 49], [4667, 461, 40, 25], [4690, 425, 28, 37]]
[[1244, 2268, 24, 40], [5007, 1810, 33, 37], [1486, 1800, 33, 18], [4257, 1617, 43, 31], [2098, 1457, 79, 45], [4277, 1404, 48, 45], [1831, 1395, 31, 24], [3675, 1392, 64, 36], [781, 1366, 28, 22], [4751, 537, 57, 40], [4051, 442, 25, 37], [4515, 425, 28, 52]]
[[2411, 2288, 45, 28], [2942, 2226, 45, 27], [3567, 2216, 57, 36], [1359, 2156, 31, 22], [2710, 2095, 42, 48], [1040, 2051, 54, 28], [3450, 2015, 43, 37], [853, 1950, 27, 42], [3408, 1876, 54, 28], [1216, 1856, 22, 42], [1453, 1839, 45, 24], [3518, 1833, 51, 34], [2728, 1802, 64, 43], [3177, 1713, 21, 36], [3404, 1614, 51, 37], [4935, 1609, 55, 30], [3417, 1449, 22, 34], [2606, 1424, 67, 60], [1540, 1427, 43, 39], [1228, 1175, 66, 49], [2389, 864, 49, 28], [3313, 815, 43, 46], [4583, 674, 34, 24], [4271, 463, 58, 31], [1475, 415, 60, 34]]
[[3297, 2238, 39, 24], [3709, 1958, 45, 34], [3975, 1767, 54, 28], [2623, 1676, 31, 25], [3918, 1603, 31, 54], [959, 1566, 42, 45], [3235, 1558, 45, 42], [3335, 1545, 64, 36], [2394, 1547, 37, 21], [4861, 1458, 42, 51], [2341, 1353, 42, 34], [4407, 1021, 34, 33], [2526, 904, 42, 52], [3865, 880, 34, 66], [1915, 752, 36, 48], [985, 598, 24, 46]]
[[2516, 2114, 33, 51], [1435, 2045, 39, 43], [3639, 2000, 27, 49], [1540, 1575, 52, 33], [1098, 1525, 42, 61], [2558, 1516, 34, 24], [1330, 1503, 25, 31], [2032, 1445, 30, 58], [1956, 1150, 48, 25], [2401, 1098, 34, 21], [4457, 1051, 30, 46], [1503, 907, 28, 49], [2386, 809, 24, 46], [924, 695, 46, 48]]
[[2645, 2212, 40, 40], [1996, 2002, 54, 55], [2773, 1970, 40, 24], [2149, 1628, 30, 18], [1499, 1492, 39, 70], [3456, 1382, 25, 31], [3930, 1156, 55, 31], [3678, 1082, 28, 46], [2750, 1043, 67, 57], [1616, 1033, 28, 22], [4521, 490, 27, 49]]
[[3853, 2380, 37, 28], [3774, 2364, 30, 30], [2400, 2325, 51, 40], [2737, 2324, 27, 36], [4057, 2216, 22, 28], [5153, 2035, 31, 25], [4868, 2020, 33, 30], [1635, 1870, 34, 30], [3712, 1798, 31, 24], [4034, 1692, 33, 33], [3609, 1694, 27, 24], [2528, 1689, 37, 39], [3387, 1476, 43, 33], [4666, 1031, 40, 37], [4383, 1023, 45, 34], [2163, 1019, 45, 43], [828, 500, 25, 30], [4750, 169, 33, 30]]
[[2663, 2316, 30, 27], [2690, 2236, 48, 36], [3543, 2216, 24, 19], [4122, 2070, 19, 31], [1834, 2027, 45, 52], [4060, 1948, 54, 27], [3218, 1851, 28, 24], [3130, 1836, 33, 46], [2258, 1832, 24, 34], [1501, 1570, 48, 28], [2254, 1478, 33, 36], [4499, 1021, 52, 31], [4798, 374, 54, 27]]
[[4782, 2326, 31, 18], [1703, 2270, 21, 16], [3786, 2213, 27, 36], [3976, 2168, 25, 43], [4352, 2165, 18, 27], [4921, 2129, 54, 30], [2713, 2020, 22, 24], [4743, 1920, 36, 21], [3913, 1911, 37, 27], [3392, 1864, 25, 39], [2975, 1863, 49, 36], [4282, 1851, 37, 45], [4464, 1830, 40, 37], [3917, 1821, 30, 48], [4329, 1784, 40, 42], [4254, 1735, 28, 42], [3009, 1726, 40, 22], [4430, 1710, 34, 30], [3423, 1633, 37, 43], [3243, 1549, 40, 39], [1435, 1521, 34, 30], [3352, 1490, 34, 52], [4850, 1357, 36, 48], [3770, 1324, 54, 33], [3274, 1061, 58, 49], [2129, 977, 36, 27], [4882, 974, 31, 39], [3822, 969, 37, 31], [3584, 939, 37, 48], [3973, 892, 21, 33], [3369, 832, 28, 33], [4297, 825, 25, 49], [3821, 798, 42, 24], [3977, 772, 25, 34], [1333, 553, 39, 34], [1122, 416, 57, 42], [4994, 208, 64, 33], [4186, 190, 39, 39], [1510, 154, 27, 16]]
[[2132, 2307, 48, 31], [1882, 2150, 31, 37], [2728, 2147, 30, 19], [1943, 1871, 34, 33], [2565, 1862, 36, 21], [4296, 1861, 28, 21], [1852, 1663, 54, 48], [1875, 1650, 67, 34], [2738, 1557, 36, 31], [688, 1492, 51, 31], [3748, 1467, 46, 27], [79, 1116, 31, 21], [1484, 907, 30, 31]]
[[113, 1731, 28, 24], [2178, 1697, 22, 33], [3191, 1059, 57, 43], [1519, 903, 36, 37], [5206, 508, 24, 33], [4059, 412, 27, 42]]
[[2846, 2229, 31, 33], [3251, 2175, 34, 36], [2761, 2163, 22, 25], [2492, 2140, 31, 22], [4073, 1969, 34, 30], [3418, 1891, 43, 33], [3081, 1823, 27, 37], [3479, 1729, 40, 49], [3398, 1613, 34, 21], [2754, 1369, 34, 22], [1427, 1190, 24, 30], [2235, 1123, 39, 36], [3915, 852, 52, 39]]
[[1363, 2127, 18, 34], [1807, 2037, 24, 15], [658, 1782, 30, 28], [2723, 1774, 30, 33], [1807, 1737, 27, 19], [1051, 1568, 27, 27], [895, 1506, 40, 24], [1360, 1452, 36, 30], [1191, 1432, 42, 39], [1157, 1430, 30, 16], [3448, 1367, 31, 45], [2743, 1161, 42, 37], [1801, 1158, 42, 33], [2521, 1140, 34, 52], [1871, 1135, 51, 45], [2516, 1092, 36, 22], [1125, 970, 34, 25], [1030, 938, 45, 25], [754, 808, 31, 34], [2518, 799, 49, 51], [2733, 790, 21, 28], [1304, 729, 46, 42], [1835, 654, 30, 19], [1326, 591, 25, 19], [1170, 455, 46, 25], [989, 328, 43, 33]]
[[1738, 2274, 22, 15], [2782, 2225, 45, 54], [3648, 2164, 45, 34], [3415, 1866, 43, 34], [2431, 1508, 33, 21], [5056, 901, 39, 40], [4282, 525, 24, 40], [4446, 67, 21, 24]]
[[4631, 2250, 34, 54], [3415, 1232, 43, 33]]
[[1283, 2059, 16, 27], [2843, 1965, 37, 28], [1824, 1907, 30, 16], [124, 1767, 67, 57], [129, 1289, 51, 70], [1273, 990, 42, 25], [4622, 283, 22, 30]]
[[2125, 1769, 52, 31], [3200, 1635, 24, 34], [4300, 1590, 25, 30], [3083, 1470, 22, 36], [2227, 1290, 31, 61], [1942, 1270, 28, 21], [1304, 1250, 27, 46], [2356, 750, 36, 19], [841, 502, 25, 33]]
[[3033, 2043, 34, 31], [1754, 2026, 33, 27], [2240, 1775, 37, 40], [1782, 1633, 34, 42], [2501, 791, 25, 30], [1218, 726, 28, 45], [4354, 459, 34, 18]]
[[2835, 2133, 39, 25], [3639, 1225, 24, 19]]
[[4506, 2179, 36, 25], [1238, 2134, 25, 36], [4304, 2071, 21, 31], [3281, 1528, 45, 33]]
[[1489, 1486, 40, 34], [2451, 843, 36, 30], [260, 701, 28, 15]]
[[3730, 1910, 36, 31], [3440, 1514, 36, 30], [1236, 1301, 36, 37], [2560, 706, 37, 28]]
[[2676, 1951, 27, 51], [2585, 1920, 61, 76], [3152, 1909, 30, 24], [2295, 1863, 28, 33], [3081, 1841, 27, 21], [2655, 1773, 42, 48], [2653, 1732, 25, 21], [2302, 1643, 31, 25], [2101, 1542, 37, 40], [4015, 1358, 34, 36], [2107, 1350, 52, 39], [3044, 847, 33, 31], [4244, 844, 31, 43], [2428, 839, 40, 28], [783, 796, 33, 21], [1128, 396, 52, 28], [1074, 290, 18, 36], [1584, 131, 30, 30]]
[[2574, 2087, 43, 67], [2433, 1908, 25, 22], [2081, 1783, 37, 52], [3322, 1618, 33, 43], [2347, 1210, 40, 21], [4435, 835, 28, 21], [822, 765, 36, 42], [1086, 243, 28, 54]]
[[1779, 2179, 31, 22], [2650, 2088, 54, 43], [2224, 1876, 40, 24], [2353, 1843, 37, 46], [3435, 1820, 51, 61], [2430, 1788, 21, 24], [2218, 1750, 48, 24], [3287, 1655, 24, 43], [3325, 1530, 28, 25], [1474, 1516, 49, 39], [923, 1347, 25, 27], [2718, 1327, 28, 24], [3440, 1323, 51, 33], [3297, 1021, 25, 40], [2140, 990, 52, 64], [2455, 956, 51, 33], [1786, 920, 40, 39], [3457, 884, 28, 52], [3746, 868, 46, 48], [998, 831, 18, 33], [694, 230, 39, 34]]
[[2644, 2114, 43, 25], [2792, 2105, 55, 34], [3692, 1953, 34, 21], [4367, 1869, 72, 51], [1956, 1819, 48, 37], [739, 1786, 39, 25], [3604, 1706, 46, 25], [5041, 1541, 36, 18], [3204, 1431, 34, 49], [3309, 1414, 48, 36], [915, 1301, 28, 40], [1082, 1263, 30, 48], [3329, 984, 45, 36], [2707, 665, 37, 63], [4864, 567, 57, 30]]
[[2394, 1668, 25, 45], [1525, 1464, 36, 40], [1921, 1411, 27, 33], [1326, 1348, 25, 30], [2249, 1254, 66, 40], [1887, 1035, 24, 21], [1943, 1009, 52, 27], [2597, 924, 57, 40], [3893, 678, 49, 42]]
[[2382, 2233, 33, 18], [680, 2197, 37, 40], [2639, 2046, 25, 15], [2766, 1839, 52, 28], [2306, 1765, 45, 45], [2083, 1756, 25, 39], [2037, 1755, 40, 27], [2617, 1705, 39, 33], [1587, 1702, 33, 48], [1817, 1637, 36, 19], [2411, 1579, 64, 40], [2223, 1543, 33, 33], [2435, 1539, 37, 45], [3220, 1528, 34, 25], [2326, 1469, 43, 40], [2239, 1340, 58, 45], [2417, 1312, 37, 39], [5064, 1309, 24, 30], [1986, 1300, 24, 37], [3501, 1279, 39, 24], [757, 1270, 43, 31], [2625, 1198, 33, 49], [3648, 961, 45, 54], [2583, 902, 67, 45], [3136, 870, 49, 66], [3133, 849, 37, 42], [3389, 764, 36, 24], [2983, 679, 54, 42], [665, 557, 37, 30], [1209, 502, 39, 24], [1306, 154, 31, 19]]
[[3719, 2235, 33, 25], [2496, 2224, 28, 25], [149, 2192, 22, 18], [2349, 2111, 51, 28], [2347, 2072, 34, 27], [1351, 1864, 24, 45], [2027, 1835, 39, 49], [1239, 1555, 22, 25], [2399, 1552, 39, 22], [1337, 1285, 24, 45], [3054, 1042, 46, 30], [2549, 891, 34, 27], [2396, 735, 46, 24], [4179, 250, 22, 37]]
[[4241, 1808, 37, 28], [2279, 1536, 36, 48]]
[[2759, 2276, 25, 18], [1510, 2265, 34, 39], [733, 2223, 36, 21], [1551, 2118, 25, 40], [1613, 2117, 39, 42], [2819, 2068, 45, 57], [2590, 2005, 27, 34], [5677, 1995, 42, 30], [1258, 1915, 60, 30], [3887, 1829, 28, 52], [1442, 1827, 34, 31], [3606, 1786, 30, 18], [2265, 1771, 36, 54], [5092, 1738, 43, 82], [1144, 1728, 28, 49], [800, 1725, 37, 22], [2479, 1714, 52, 30], [2825, 1685, 48, 36], [1222, 1674, 55, 31], [1852, 1659, 37, 48], [4690, 1657, 43, 43], [2643, 1634, 28, 21], [1057, 1603, 49, 28], [1496, 1598, 46, 31], [1947, 1565, 30, 30], [884, 1556, 40, 43], [2333, 1556, 37, 36], [1849, 1546, 34, 33], [2254, 1535, 48, 51], [1585, 1511, 33, 60], [1949, 1468, 48, 46], [1543, 1463, 27, 39], [1877, 1450, 27, 30], [4017, 1440, 24, 28], [2322, 1438, 19, 36], [1858, 1383, 54, 43], [3141, 1382, 39, 21], [2156, 1374, 66, 34], [969, 1373, 48, 27], [219, 1301, 31, 42], [1469, 1145, 49, 54], [1293, 1105, 30, 36], [2142, 1043, 31, 48], [2341, 1017, 36, 55], [3399, 990, 49, 43], [2555, 926, 36, 45], [1604, 873, 28, 45], [1074, 825, 22, 24], [1892, 760, 67, 73], [3987, 767, 36, 18], [3529, 746, 49, 30], [1113, 599, 57, 36], [1379, 515, 64, 51], [1489, 503, 45, 54], [1405, 386, 34, 33], [5087, 178, 36, 40], [1805, 173, 42, 49]]
[[2652, 2136, 48, 39], [2278, 2053, 48, 33], [1350, 2010, 36, 48], [2715, 1979, 33, 43], [1351, 1914, 19, 31], [1299, 1829, 60, 30], [1473, 1793, 37, 22], [3607, 1772, 51, 30], [2093, 1737, 31, 52], [1565, 1722, 45, 43], [632, 1652, 28, 15], [1281, 1548, 30, 49], [2480, 1537, 51, 42], [1937, 1495, 27, 34], [3036, 1441, 28, 37], [1953, 1426, 60, 31], [1598, 1426, 43, 25], [1131, 1411, 40, 33], [3484, 1393, 51, 30], [1946, 1351, 33, 43], [3023, 1186, 33, 22], [2392, 1145, 33, 37], [1903, 967, 45, 60], [2219, 924, 61, 42], [1997, 885, 39, 42], [1939, 880, 54, 37], [1442, 799, 31, 24], [967, 716, 72, 48], [1823, 701, 49, 70], [4341, 679, 37, 63], [5142, 664, 31, 39], [1440, 488, 43, 43]]
[[3115, 2230, 45, 49], [2628, 1984, 39, 52], [5005, 1747, 28, 48], [2182, 1688, 22, 40], [4635, 1681, 67, 61], [3736, 1638, 54, 27], [1430, 1634, 40, 30], [2433, 1627, 72, 36], [3820, 1605, 82, 43], [2434, 1584, 66, 45], [1444, 1570, 25, 31], [2010, 1566, 33, 27], [843, 1510, 24, 22], [3547, 1471, 30, 24], [2717, 1397, 63, 43], [2327, 1156, 61, 66], [3380, 1153, 55, 42], [3607, 1140, 33, 21], [2250, 1109, 25, 37], [3370, 1080, 54, 64], [1988, 1040, 34, 67], [3467, 1045, 31, 31], [3575, 1025, 33, 49], [2638, 1020, 54, 64], [5012, 1017, 28, 33], [3530, 1012, 39, 64], [3433, 1009, 67, 43], [3245, 989, 33, 61], [2216, 978, 60, 61], [2338, 976, 28, 42], [4898, 973, 28, 33], [4053, 958, 43, 58], [2762, 951, 60, 40], [2150, 942, 46, 58], [4423, 907, 58, 40], [3892, 903, 43, 48], [3646, 898, 34, 60], [1411, 866, 42, 78], [3579, 865, 42, 72], [1321, 818, 69, 52], [3923, 803, 37, 31], [993, 776, 33, 42], [4060, 680, 39, 64], [4294, 659, 42, 22], [4357, 619, 39, 30], [4366, 511, 49, 27], [1607, 498, 60, 43], [4054, 494, 28, 54], [1857, 452, 30, 22], [4048, 395, 58, 64], [4447, 318, 61, 51]]
[[2524, 2313, 34, 33], [3139, 2307, 66, 34], [3410, 2306, 49, 28], [1216, 2290, 52, 45], [965, 2256, 51, 58], [3864, 2254, 75, 55], [3516, 2244, 40, 45], [1198, 2162, 34, 52], [1115, 2155, 27, 40], [1043, 2133, 30, 36], [3616, 2060, 37, 40], [2030, 2037, 36, 37], [3054, 1938, 19, 24], [3264, 1896, 31, 28], [1881, 1835, 33, 28], [3384, 1829, 51, 36], [2807, 1792, 33, 39], [3236, 1781, 43, 22], [3391, 1766, 51, 73], [3210, 1770, 40, 21], [881, 1750, 54, 63], [3304, 1750, 72, 49], [4303, 1745, 40, 22], [3226, 1735, 39, 42], [735, 1731, 37, 30], [3057, 1714, 54, 63], [1523, 1715, 73, 55], [4101, 1679, 30, 28], [1598, 1658, 45, 57], [1282, 1651, 37, 66], [2864, 1636, 45, 64], [4458, 1625, 36, 49], [1588, 1597, 16, 24], [675, 1578, 24, 40], [5749, 1569, 43, 48], [3221, 1554, 42, 52], [3128, 1504, 43, 51], [2189, 1487, 43, 46], [3133, 1401, 72, 60], [4048, 1394, 28, 33], [3540, 1377, 55, 45], [2261, 1067, 33, 51], [1157, 1049, 61, 31], [2369, 1039, 37, 42], [2718, 1005, 25, 25], [3546, 1001, 49, 31], [2218, 981, 85, 51], [2315, 864, 30, 22], [2332, 860, 30, 42], [3722, 838, 21, 28], [2263, 835, 81, 42], [2020, 753, 39, 28], [950, 548, 33, 39], [50, 418, 36, 18], [1295, 386, 49, 64]]
[[2578, 2242, 28, 51], [4573, 2201, 31, 18], [2563, 2087, 54, 49], [4652, 2067, 28, 21], [4281, 2034, 33, 22], [3082, 1975, 39, 51], [1512, 1842, 55, 34], [4598, 1759, 40, 24], [4700, 1723, 43, 24], [4482, 1718, 28, 19], [412, 1625, 36, 28], [1234, 1614, 25, 18], [3562, 1560, 46, 24], [808, 1555, 66, 34], [4772, 1542, 24, 16], [3313, 1433, 51, 37], [2272, 1400, 30, 49], [1100, 1390, 52, 49], [1604, 1369, 28, 51], [334, 1054, 24, 45], [319, 1025, 51, 42], [2129, 898, 58, 55], [2522, 896, 52, 40], [2089, 875, 51, 36], [4249, 593, 34, 27], [1380, 494, 49, 55], [4050, 476, 48, 34], [4080, 424, 19, 33], [4768, 318, 40, 37], [1209, 302, 30, 36]]
[[1548, 2065, 27, 34], [769, 1863, 49, 63], [2519, 1582, 48, 46], [3417, 1367, 39, 34], [4193, 1349, 31, 61], [3821, 1118, 36, 27], [1855, 1081, 63, 40], [876, 670, 34, 52], [1809, 670, 22, 21], [1788, 593, 24, 37], [372, 270, 31, 28]]
[[746, 1702, 37, 46], [2252, 1678, 43, 46], [2770, 1539, 22, 36], [3200, 1504, 33, 55], [2083, 1369, 34, 54], [3327, 1353, 37, 34], [3131, 1115, 31, 18], [2648, 1113, 33, 22], [2798, 1086, 27, 24], [667, 910, 30, 40], [337, 887, 45, 33], [2272, 880, 31, 40], [634, 804, 31, 22], [2143, 767, 37, 24], [1965, 743, 34, 52], [2439, 737, 18, 36], [1254, 728, 40, 21]]
[[2051, 2237, 27, 40], [1939, 2209, 30, 43], [419, 2204, 28, 24], [4883, 2129, 30, 25], [3498, 2030, 24, 28], [4381, 1976, 25, 21], [2486, 1912, 31, 60], [2385, 1913, 42, 30], [1897, 1802, 45, 34], [2307, 1761, 48, 24], [2600, 1721, 33, 25], [2421, 1409, 37, 37], [2798, 1355, 40, 34], [1796, 844, 24, 24], [1813, 405, 31, 36]]
[[2006, 2250, 18, 30], [2230, 2156, 60, 48], [818, 2059, 37, 49], [2188, 2030, 36, 25], [1582, 2017, 54, 30], [2060, 1893, 46, 42], [4670, 1726, 46, 27], [1035, 1027, 45, 34], [1385, 652, 43, 27]]
[[1716, 2238, 22, 15], [2439, 1892, 40, 55], [3965, 1682, 24, 24], [1971, 1457, 58, 61], [754, 1444, 49, 42], [585, 1398, 43, 39], [3561, 1307, 48, 27], [1336, 917, 48, 40], [4165, 662, 51, 61], [3793, 616, 24, 31], [1581, 382, 34, 31], [1182, 326, 25, 31]]
[[2131, 2229, 48, 27], [1856, 2213, 39, 36], [2788, 2101, 52, 39], [1884, 2010, 27, 33], [2011, 1915, 63, 36], [2346, 1825, 37, 57], [1908, 1806, 43, 24], [1864, 1790, 21, 34], [1038, 1658, 22, 34], [1846, 1577, 28, 30], [1473, 1547, 45, 45], [1849, 1468, 39, 24], [3325, 1446, 40, 48], [3387, 1151, 37, 39], [1465, 1104, 16, 27], [2027, 1056, 33, 36], [4286, 975, 39, 63], [1515, 961, 28, 37], [2533, 765, 37, 64], [2585, 735, 39, 43], [1765, 291, 18, 22]]
[[1112, 2002, 43, 33], [3254, 1771, 37, 39], [1541, 1742, 27, 37], [1452, 1555, 28, 18], [3600, 1071, 27, 34], [1583, 925, 31, 55], [2638, 913, 51, 42]]
[[2823, 2197, 42, 24], [3298, 2164, 21, 27], [4914, 2132, 36, 19], [2712, 2099, 24, 48], [3419, 2087, 46, 48], [4590, 2023, 52, 34], [2930, 2001, 36, 18], [3454, 1956, 42, 45], [2561, 1938, 42, 30], [3002, 1937, 19, 30], [2596, 1809, 42, 57], [3831, 1794, 43, 34], [2697, 1706, 27, 42], [2110, 1705, 51, 30], [2609, 1678, 40, 40], [4110, 1669, 54, 52], [1402, 1632, 34, 39], [577, 1509, 24, 21], [3286, 1410, 45, 52], [1468, 1352, 55, 31], [3595, 1301, 31, 39], [2542, 1136, 36, 19], [1504, 1134, 31, 18], [1979, 1083, 60, 46], [2710, 1069, 52, 42], [2653, 1063, 34, 54], [2096, 980, 39, 37], [3644, 973, 55, 30], [1026, 968, 21, 31], [4947, 965, 28, 48], [1165, 943, 24, 28], [3910, 898, 42, 48], [1421, 879, 73, 63], [4443, 844, 58, 39], [709, 784, 31, 42], [2245, 770, 40, 42], [3471, 767, 43, 28], [1882, 712, 27, 15], [1103, 633, 46, 36], [1388, 611, 39, 49], [1533, 401, 69, 48], [4681, 176, 39, 33]]
[[2426, 2152, 42, 27], [4213, 2102, 30, 25], [2099, 2076, 46, 24], [2109, 2056, 24, 21], [1538, 1996, 37, 39], [3048, 1977, 46, 46], [2176, 1968, 54, 52], [2059, 1964, 82, 64], [2325, 1945, 42, 24], [4521, 1935, 66, 48], [2717, 1877, 25, 30], [2338, 1826, 48, 42], [1092, 1821, 52, 37], [2207, 1727, 34, 22], [2152, 1710, 22, 24], [2033, 1619, 28, 30], [1747, 1573, 49, 39], [1913, 1566, 64, 51], [5306, 1569, 34, 21], [2467, 1516, 51, 54], [4059, 1497, 72, 36], [4638, 1474, 48, 58], [2456, 1405, 60, 49], [1439, 1397, 54, 52], [3784, 1208, 81, 43], [2013, 1191, 45, 43], [3668, 1191, 37, 37], [3807, 1189, 36, 31], [2194, 1189, 18, 31], [3503, 1171, 21, 30], [4046, 1155, 33, 43], [3544, 949, 72, 51], [2276, 927, 66, 40], [3229, 904, 46, 58], [2674, 907, 30, 28], [3852, 857, 45, 51], [2673, 849, 43, 33], [2703, 806, 43, 66], [3373, 790, 67, 46], [4864, 787, 43, 31], [4442, 780, 82, 49], [3388, 781, 31, 25], [3618, 761, 28, 34], [4120, 706, 36, 36], [4102, 673, 40, 55], [3324, 670, 72, 46], [4233, 600, 31, 27], [4248, 549, 36, 42], [1012, 380, 49, 58], [4262, 333, 39, 54], [4470, 82, 51, 40]]
[[3356, 2060, 43, 39], [3065, 2036, 39, 39], [1463, 2032, 42, 46], [3539, 1885, 43, 48], [3642, 1872, 25, 46], [3425, 1858, 64, 39], [3371, 1861, 27, 19], [3658, 1802, 57, 39], [3370, 1798, 27, 52], [2285, 1796, 61, 40], [4185, 1786, 57, 49], [4172, 1770, 43, 25], [3428, 1701, 48, 42], [3622, 1563, 25, 45], [4689, 1408, 36, 51], [2017, 1379, 49, 25], [201, 1038, 34, 43], [3146, 984, 73, 37], [3255, 981, 28, 28], [2421, 942, 63, 52], [3453, 893, 37, 51], [3133, 886, 39, 34], [1982, 839, 42, 58], [3432, 833, 24, 28], [3439, 776, 34, 25], [3579, 660, 45, 33], [3457, 643, 34, 24], [3475, 635, 49, 49], [3086, 617, 28, 19], [3435, 603, 36, 54], [2363, 608, 27, 19], [3562, 592, 48, 40], [3685, 577, 27, 15], [4294, 432, 21, 31], [1514, 373, 37, 58], [1499, 255, 43, 30], [4340, 228, 31, 49], [4251, 179, 36, 30], [4346, 114, 57, 48], [63, 75, 55, 49]]
[[3362, 2107, 42, 36], [3137, 2083, 27, 39], [3159, 2078, 25, 43], [3111, 2044, 28, 18], [3880, 1982, 43, 39], [3267, 1972, 33, 19], [2768, 1916, 31, 43], [1805, 1913, 42, 21], [3728, 1887, 31, 46], [3366, 1862, 36, 28], [3548, 1852, 36, 51], [2480, 1785, 45, 60], [2240, 1728, 46, 28], [4901, 1709, 28, 18], [5410, 1680, 51, 51], [972, 1659, 31, 28], [4495, 1651, 34, 27], [4536, 1646, 42, 34], [2730, 1602, 42, 69], [3012, 1597, 55, 36], [2087, 1583, 45, 60], [2176, 1480, 57, 36], [2612, 1467, 70, 51], [4867, 1442, 33, 28], [3018, 1362, 24, 22], [3036, 1353, 25, 30], [2307, 1331, 52, 48], [2912, 1329, 22, 19], [1760, 1312, 37, 34], [3709, 1237, 19, 30], [3743, 1218, 33, 43], [2264, 1211, 52, 42], [5424, 1130, 18, 36], [4701, 1003, 33, 24], [2218, 952, 67, 61], [3727, 950, 67, 36], [315, 776, 31, 24], [1390, 635, 45, 28], [4047, 432, 25, 27], [4285, 264, 27, 49]]
[[1979, 2125, 73, 51], [3873, 1973, 30, 27], [4395, 1836, 40, 60], [3812, 1750, 39, 55], [4560, 1745, 27, 33], [4155, 1739, 51, 46], [2724, 1680, 34, 33], [1328, 1674, 52, 27], [4659, 1629, 37, 37], [2988, 1591, 45, 37], [2585, 1540, 42, 21], [4740, 1513, 25, 21], [1855, 1502, 46, 28], [2897, 1482, 31, 39], [3582, 1458, 49, 52], [4645, 1444, 31, 31], [2357, 1416, 45, 45], [4080, 1323, 43, 54], [3383, 965, 60, 36], [5305, 899, 45, 46], [2058, 855, 54, 42], [2499, 833, 19, 28], [4201, 822, 19, 25], [2515, 819, 22, 43], [2937, 795, 57, 43], [3237, 683, 48, 34], [3252, 611, 30, 46], [3577, 608, 46, 54], [1745, 516, 49, 58], [1545, 306, 28, 43], [4417, 247, 42, 58], [4791, 107, 37, 60], [4739, 53, 30, 48]]
[[2198, 1929, 54, 28], [3662, 1734, 28, 25], [3136, 1606, 33, 54], [1569, 1600, 33, 48], [1091, 1474, 55, 46], [2695, 1377, 51, 39], [2903, 976, 25, 27], [2446, 927, 31, 30], [3104, 907, 37, 45], [3373, 798, 30, 54], [4681, 786, 51, 64], [3282, 779, 43, 69], [2083, 754, 60, 31], [2386, 737, 67, 37], [2622, 716, 30, 54], [2723, 702, 27, 51], [2513, 652, 45, 43], [2646, 634, 36, 63], [4625, 483, 55, 33], [1265, 470, 54, 57], [4201, 455, 24, 42], [4137, 371, 42, 57], [4290, 310, 46, 58], [1304, 279, 42, 37], [1321, 154, 45, 57], [4698, 147, 45, 36], [3840, 125, 57, 36], [1211, 63, 37, 22], [4601, 56, 33, 52]]
[[3050, 2063, 34, 57], [3272, 2004, 37, 34], [2166, 1725, 43, 43], [2538, 1558, 51, 34], [2629, 1393, 51, 37], [4397, 1356, 37, 45], [3765, 1353, 22, 27], [4226, 1298, 25, 18], [4249, 1285, 33, 34], [2487, 1177, 24, 30], [2706, 980, 30, 43], [2627, 957, 39, 70], [2495, 935, 31, 52], [2967, 856, 25, 46], [2491, 856, 46, 28], [1043, 858, 27, 18], [4820, 839, 36, 46], [2394, 810, 33, 22], [2531, 768, 34, 60], [2091, 756, 69, 48], [3389, 727, 43, 58], [1077, 666, 37, 37], [2611, 603, 43, 31], [3856, 520, 27, 28], [4554, 459, 36, 37]]
[[4144, 2162, 28, 37], [4155, 2150, 46, 63], [2910, 2057, 60, 40], [3870, 2041, 31, 46], [2586, 2008, 42, 49], [2132, 2009, 49, 43], [1307, 1929, 43, 28], [4838, 1893, 40, 30], [4918, 1875, 36, 34], [4317, 1847, 34, 18], [3769, 1831, 57, 40], [3329, 1829, 15, 30], [2584, 1812, 30, 48], [3810, 1752, 24, 40], [1789, 1754, 57, 30], [1942, 1608, 45, 51], [1118, 1601, 54, 46], [3542, 1583, 36, 52], [1511, 1472, 57, 43], [4323, 1439, 46, 37], [2322, 1437, 48, 36], [1947, 1406, 66, 45], [3051, 1367, 36, 31], [4659, 1360, 21, 27], [1077, 1349, 36, 27], [640, 1271, 49, 36], [1949, 1263, 52, 36], [4552, 1218, 22, 24], [3170, 1192, 40, 36], [4628, 1010, 27, 36], [736, 844, 48, 25], [4430, 812, 42, 54], [3067, 782, 46, 40], [4881, 775, 49, 28], [2311, 773, 43, 42], [3162, 766, 22, 30], [4327, 511, 52, 34], [4334, 457, 58, 46], [604, 331, 48, 33], [5469, 286, 40, 36], [1589, 271, 24, 28]]
[[3674, 2120, 31, 51], [4754, 2046, 28, 40], [2569, 1998, 49, 51], [5409, 1921, 33, 42], [2463, 1903, 25, 16], [4315, 1849, 51, 33], [2486, 1839, 37, 40], [2643, 1813, 36, 18], [3869, 1800, 37, 49], [4895, 1749, 52, 34], [2670, 1733, 45, 51], [3340, 1705, 28, 25], [767, 1678, 30, 39], [4934, 1633, 18, 28], [2167, 1581, 36, 51], [4049, 1541, 51, 30], [4184, 1518, 52, 37], [3766, 1454, 39, 42], [2906, 1446, 28, 28], [2456, 1394, 25, 34], [3878, 1387, 34, 27], [1352, 1385, 61, 39], [4726, 1343, 37, 30], [4487, 1304, 28, 18], [1892, 1289, 49, 42], [3880, 1289, 31, 30], [1747, 1285, 43, 46], [4203, 1268, 37, 34], [2907, 1256, 61, 52], [3863, 1258, 31, 33], [3349, 1244, 40, 39], [3319, 1219, 43, 55], [4584, 1204, 46, 36], [4305, 1195, 46, 31], [1225, 1193, 33, 37], [2741, 1196, 27, 18], [1298, 1179, 19, 31], [1419, 1177, 36, 33], [4765, 982, 37, 39], [2267, 977, 30, 28], [3475, 953, 25, 24], [1206, 948, 25, 37], [1425, 940, 58, 37], [4682, 936, 39, 49], [1569, 899, 37, 54], [4562, 876, 42, 58], [3863, 864, 40, 52], [2312, 825, 39, 46], [3473, 733, 30, 54], [3586, 716, 24, 27], [3769, 710, 61, 39], [5344, 707, 39, 34], [4762, 692, 24, 36], [3608, 672, 48, 34], [4500, 655, 25, 46], [2599, 633, 61, 55], [2441, 631, 60, 55], [4820, 628, 40, 28], [2564, 607, 42, 21], [4531, 578, 39, 31], [4906, 547, 34, 48], [869, 530, 39, 36], [4323, 524, 34, 63], [4672, 509, 30, 31], [4894, 507, 55, 33], [1794, 507, 25, 21], [3830, 431, 28, 46], [4654, 426, 37, 46], [3881, 425, 21, 19], [4054, 395, 43, 37], [4857, 385, 33, 46], [1574, 343, 27, 34], [289, 340, 48, 51], [4446, 331, 31, 43], [4467, 301, 67, 36], [4243, 205, 34, 28], [4188, 143, 58, 37], [5373, 138, 61, 60], [4837, 116, 52, 45]]
[[1979, 2154, 43, 34], [2730, 2147, 58, 42], [3646, 2146, 25, 30], [2896, 2110, 81, 49], [1865, 2092, 61, 72], [2902, 2097, 31, 21], [1863, 1933, 36, 40], [2408, 1841, 30, 33], [3161, 1825, 24, 28], [1088, 1762, 25, 30], [3098, 1748, 39, 39], [2904, 1741, 40, 48], [2998, 1740, 51, 34], [1745, 1691, 52, 27], [3109, 1685, 70, 57], [1178, 1685, 45, 25], [1586, 1670, 22, 36], [3202, 1664, 55, 55], [3398, 1608, 36, 61], [4561, 1561, 66, 48], [2935, 1561, 73, 48], [2585, 1505, 22, 18], [2076, 1495, 27, 24], [4290, 1488, 52, 34], [3646, 1303, 37, 51], [1924, 1276, 45, 43], [3808, 1255, 46, 43], [1815, 948, 33, 52], [3240, 891, 37, 73], [2452, 892, 51, 52], [1504, 820, 57, 51], [4748, 772, 21, 21], [1533, 539, 36, 22], [41, 389, 24, 18], [1191, 314, 57, 31]]
[[3950, 2161, 34, 43], [3451, 2080, 54, 34], [1408, 2015, 37, 30], [3544, 1919, 48, 25], [3305, 1908, 37, 48], [2624, 1899, 57, 34], [2224, 1734, 37, 34], [3937, 1727, 46, 31], [921, 1698, 45, 39], [374, 1673, 31, 21], [3209, 1645, 46, 64], [2145, 1612, 72, 37], [3090, 1527, 31, 31], [4147, 1480, 37, 30], [2183, 1455, 33, 30], [1136, 1451, 33, 49], [2251, 1335, 21, 37], [2186, 1284, 34, 61], [656, 1048, 40, 24], [2793, 1026, 37, 34], [4306, 980, 27, 51], [1345, 974, 36, 30], [3117, 934, 28, 19], [2523, 917, 42, 67], [376, 886, 52, 31], [3570, 865, 48, 45], [644, 867, 28, 18], [1626, 851, 33, 25], [4816, 796, 24, 39], [1994, 780, 48, 43], [3026, 779, 36, 19], [3632, 722, 58, 43], [392, 705, 48, 43], [1305, 565, 31, 43], [1094, 558, 55, 33], [428, 446, 39, 25]]
[[2979, 2105, 54, 27], [3314, 1981, 33, 21], [2236, 1907, 54, 46], [3712, 1447, 37, 42], [2177, 1383, 42, 22], [2481, 1284, 33, 57], [2612, 1055, 54, 28], [2491, 907, 37, 55], [2331, 743, 45, 34], [5008, 347, 31, 46]]
[[2635, 1937, 34, 66], [4785, 1698, 42, 27], [1316, 1559, 48, 42], [3976, 1471, 36, 37], [3097, 1439, 34, 25], [2660, 1020, 31, 30], [2225, 1017, 30, 34], [3495, 998, 46, 79], [1052, 965, 60, 63], [3165, 941, 36, 63], [1021, 903, 54, 55], [1559, 898, 46, 54], [1358, 877, 25, 31], [1649, 818, 25, 31], [2090, 730, 33, 36], [1274, 673, 45, 27]]
[[1953, 2057, 54, 69], [3082, 2016, 27, 42], [675, 1707, 40, 28], [4459, 1691, 61, 42], [696, 1600, 28, 28], [2785, 1524, 25, 18], [2772, 1471, 34, 25], [1678, 1451, 27, 49], [2431, 1369, 49, 61], [3240, 1329, 61, 39], [2684, 1274, 27, 28], [3770, 956, 40, 31], [242, 955, 33, 22], [3327, 899, 36, 40], [4314, 798, 39, 40], [2486, 739, 31, 37], [2234, 675, 48, 33], [1035, 575, 25, 34]]
[[295, 2199, 30, 22], [2441, 2132, 54, 30], [1845, 2053, 57, 31], [1508, 1950, 33, 45], [2567, 1892, 60, 61], [1205, 1834, 30, 48], [2407, 1705, 52, 31], [2165, 1667, 75, 45], [2008, 1664, 33, 27], [3611, 1608, 61, 39], [781, 1577, 61, 37], [1186, 1569, 66, 40], [852, 1502, 48, 40], [2334, 1492, 33, 40], [2161, 1389, 46, 31], [1160, 1314, 27, 48], [2532, 1008, 24, 24], [1036, 989, 36, 18], [3226, 897, 64, 36], [3975, 894, 45, 31], [2110, 845, 45, 24], [2749, 827, 34, 64], [1154, 790, 33, 58], [799, 795, 33, 25], [1348, 736, 33, 24], [1627, 651, 34, 66], [1246, 593, 25, 48], [941, 575, 42, 21], [1132, 484, 46, 33], [764, 418, 48, 30], [4409, 210, 66, 34]]
[[3565, 2271, 58, 31], [2154, 2099, 52, 33], [2656, 2076, 36, 52], [2979, 2064, 48, 37], [976, 2026, 37, 25], [1888, 2012, 30, 51], [888, 1928, 21, 24], [1877, 1834, 40, 57], [1577, 1593, 57, 37], [2492, 1563, 27, 27], [3550, 1451, 48, 30], [1771, 1379, 51, 78], [4924, 1333, 43, 36], [2648, 1324, 52, 37], [4371, 1088, 30, 24], [1884, 980, 49, 49], [3333, 972, 60, 34], [3258, 834, 64, 48], [2941, 820, 31, 37], [2948, 768, 33, 25], [2503, 755, 54, 33], [282, 618, 18, 28], [1525, 547, 33, 66], [4529, 514, 58, 34], [1008, 316, 42, 43], [4894, 282, 28, 30], [4678, 157, 33, 33]]
[[1234, 2207, 69, 48], [2053, 2166, 48, 43], [2883, 2056, 64, 40], [3126, 1992, 60, 46], [4564, 1961, 43, 40], [3560, 1857, 60, 46], [4368, 1847, 31, 58], [3329, 1719, 30, 54], [961, 1710, 55, 48], [2952, 1505, 67, 40], [3752, 1501, 46, 37], [3901, 1455, 37, 60], [4954, 1431, 36, 45], [2358, 1331, 58, 30], [3464, 1080, 52, 37], [2276, 1009, 57, 54], [2467, 948, 36, 37], [2730, 927, 27, 40], [3416, 794, 31, 55], [3165, 719, 49, 30], [4984, 686, 16, 28], [1124, 643, 49, 40], [4610, 640, 31, 40], [4606, 609, 34, 22], [4234, 197, 42, 69]]
[[316, 2275, 40, 24], [3482, 2224, 42, 43], [4609, 2203, 43, 58], [2226, 2191, 63, 37], [3504, 2014, 43, 64], [1520, 1840, 46, 46], [1103, 1776, 34, 22], [3154, 1751, 28, 36], [2441, 1651, 63, 45], [3022, 1484, 30, 60], [1909, 1460, 66, 55], [3259, 1360, 45, 37], [3111, 1261, 31, 55], [864, 1028, 52, 49], [2200, 812, 37, 52], [583, 789, 51, 37], [927, 290, 48, 45]]
[[3795, 2266, 30, 21], [3730, 2209, 39, 61], [4000, 2157, 36, 33], [3349, 2066, 61, 54], [4624, 2066, 48, 34], [3413, 2051, 30, 24], [3394, 2048, 25, 24], [4512, 2021, 52, 39], [4799, 2014, 63, 43], [3011, 1976, 25, 46], [1598, 1954, 37, 33], [4541, 1923, 51, 37], [3923, 1902, 37, 39], [3584, 1837, 72, 75], [4539, 1823, 34, 61], [3490, 1815, 45, 48], [4498, 1768, 37, 36], [2613, 1759, 72, 42], [3888, 1742, 42, 76], [3392, 1729, 42, 46], [4558, 1725, 40, 30], [3885, 1694, 66, 33], [3804, 1594, 63, 42], [3785, 1513, 49, 63], [3721, 1494, 55, 70], [3665, 1456, 66, 40], [2514, 1453, 69, 42], [3434, 1437, 61, 39], [3022, 1383, 28, 54], [2659, 1368, 28, 28], [3395, 1345, 30, 45], [1820, 1335, 34, 57], [3906, 1329, 61, 46], [2279, 1309, 51, 39], [3190, 1306, 45, 49], [4931, 1272, 63, 34], [3054, 1269, 70, 42], [3673, 1234, 42, 28], [4016, 1061, 52, 27], [3549, 1035, 51, 48], [3561, 970, 37, 57], [2661, 967, 25, 22], [3264, 928, 46, 61], [3629, 928, 63, 42], [1182, 871, 69, 48], [3094, 863, 46, 25], [2778, 840, 64, 40], [2713, 837, 51, 49], [3057, 756, 33, 33], [3350, 743, 48, 43], [2715, 741, 45, 57], [3442, 737, 75, 45], [3091, 723, 39, 36], [3128, 718, 63, 51], [2737, 677, 64, 49], [3510, 615, 54, 36], [4991, 417, 34, 27], [572, 350, 42, 24], [4435, 193, 40, 51]]
[[2596, 2123, 69, 39], [3296, 2048, 48, 64], [1937, 2018, 45, 63], [4630, 1964, 49, 64], [2229, 1948, 55, 42], [259, 1935, 22, 22], [2408, 1930, 58, 30], [4797, 1883, 46, 58], [3488, 1881, 60, 42], [2558, 1844, 42, 37], [2378, 1792, 55, 30], [2045, 1758, 70, 43], [4845, 1736, 51, 52], [3333, 1733, 63, 52], [3832, 1686, 40, 76], [2660, 1638, 54, 58], [4470, 1495, 54, 34], [951, 1468, 49, 48], [4584, 1428, 57, 69], [3074, 1417, 57, 40], [676, 1405, 22, 34], [2756, 1289, 51, 46], [2506, 1279, 49, 51], [4397, 1264, 73, 45], [4345, 1024, 61, 55], [2467, 992, 54, 78], [2753, 895, 54, 52], [2686, 887, 45, 60], [3087, 829, 51, 27], [2457, 760, 27, 25], [2474, 753, 42, 45], [652, 683, 45, 51], [3487, 645, 72, 49], [1349, 508, 55, 52], [908, 476, 48, 46], [1080, 402, 58, 52], [1474, 240, 31, 31]]
[[2701, 2134, 43, 39], [2942, 2027, 51, 54], [3359, 1897, 49, 31], [4179, 1848, 46, 69], [3596, 1766, 58, 36], [1989, 1762, 54, 39], [3125, 1747, 72, 45], [2605, 1645, 31, 45], [3029, 1617, 70, 43], [3656, 1583, 66, 48], [3049, 1577, 39, 27], [2722, 1570, 40, 24], [2602, 1531, 40, 66], [3601, 1491, 43, 42], [4122, 1489, 52, 39], [4180, 1469, 54, 51], [3769, 1445, 70, 39], [2568, 1429, 42, 31], [2662, 1361, 57, 70], [3230, 1318, 73, 48], [4278, 1256, 40, 55], [4195, 1221, 37, 24], [1881, 1189, 43, 37], [4114, 977, 45, 39], [3908, 948, 51, 48], [3727, 885, 22, 24], [4855, 871, 21, 33], [4622, 844, 39, 60], [1508, 840, 43, 57], [4445, 830, 52, 46], [4360, 776, 36, 39], [4190, 769, 48, 57], [4117, 707, 57, 64], [3618, 672, 55, 61], [3877, 647, 55, 31], [4158, 593, 54, 67], [4337, 508, 66, 43], [4542, 452, 58, 43], [3921, 408, 33, 61], [4262, 373, 45, 43], [4361, 260, 25, 18], [4453, 229, 27, 18], [4729, 167, 48, 27], [4330, 165, 75, 40], [4678, 76, 42, 49], [3935, 50, 57, 31]]
