[[2690, 2090, 115, 108], [5368, 2034, 69, 115], [3631, 1580, 90, 133], [4416, 1548, 141, 76], [4196, 1462, 126, 100], [1412, 675, 51, 75], [4488, 183, 121, 115]]
[[2943, 2218, 130, 123], [5836, 2194, 70, 129], [3918, 2047, 141, 127], [5686, 1989, 69, 94], [3956, 1676, 96, 180], [4533, 1559, 189, 106], [1588, 629, 91, 127], [4893, 170, 76, 91]]
[[204, 2173, 63, 109], [2552, 1253, 85, 151], [2295, 908, 130, 75]]
[[1241, 2030, 159, 172], [1369, 1926, 114, 183], [797, 1792, 160, 172], [1377, 1633, 99, 85], [2304, 1361, 114, 57], [2027, 997, 72, 121], [2056, 943, 144, 115], [4259, 644, 76, 85]]
[[928, 2230, 109, 64], [918, 1627, 58, 108], [4781, 1255, 114, 73], [3841, 1022, 165, 84], [1020, 161, 127, 85]]
[[1553, 979, 115, 139], [1042, 427, 118, 94]]
[[362, 1173, 144, 177], [4791, 694, 124, 136], [1484, 511, 75, 99]]
[[163, 2240, 112, 96], [1075, 1958, 124, 103], [2998, 1786, 97, 160], [1030, 1419, 88, 103], [1860, 770, 136, 100], [825, 195, 120, 114]]
[[3808, 2197, 106, 136], [2630, 2175, 106, 133], [4697, 1877, 106, 87], [4941, 1471, 90, 67], [265, 1461, 73, 114]]
[[4578, 2006, 132, 159], [2246, 1896, 183, 144], [739, 1123, 76, 87], [2603, 1093, 129, 117], [1317, 239, 115, 130]]
[[4535, 2206, 154, 94], [3509, 2148, 87, 136], [1564, 1761, 109, 81], [27, 490, 124, 151], [4626, 478, 105, 60]]
[[2523, 1843, 133, 105], [3509, 1484, 85, 118], [1975, 1013, 169, 91], [1146, 789, 168, 96]]
[[2518, 970, 90, 123], [3878, 818, 96, 64]]
[[845, 1689, 84, 121], [3173, 1668, 109, 84], [1081, 1420, 159, 165], [1236, 654, 73, 85], [1219, 528, 129, 154]]
[[4886, 1869, 70, 130], [604, 1839, 61, 93], [1084, 938, 69, 114], [621, 477, 147, 91], [1099, 237, 100, 159], [355, 223, 130, 106]]
[[3027, 2236, 109, 102], [767, 1764, 106, 109], [1938, 1437, 105, 153], [595, 946, 67, 108], [30, 406, 88, 100], [229, 204, 127, 111]]
[[2437, 2017, 94, 72], [816, 1605, 138, 141], [1103, 1425, 97, 102], [1074, 393, 129, 127], [615, 150, 70, 106], [1435, 116, 102, 120]]
[[2449, 2071, 120, 139], [1055, 1130, 75, 97], [3705, 1001, 154, 103], [4926, 339, 166, 148]]
[[2895, 2216, 126, 67], [2459, 2091, 183, 102], [870, 2027, 84, 142], [4429, 1440, 123, 85], [1120, 1287, 85, 57], [703, 969, 144, 127]]
[[4988, 2087, 130, 85], [3174, 1763, 133, 99], [4360, 1666, 93, 133], [4720, 1588, 145, 142], [5187, 1372, 69, 94], [2472, 783, 117, 85]]
[[860, 778, 138, 112], [59, 756, 58, 114], [45, 235, 174, 99]]
[[287, 2056, 90, 75], [614, 1908, 91, 118], [1155, 1862, 163, 129], [2499, 1829, 136, 94], [1498, 779, 121, 171]]
[[1430, 2108, 93, 67], [3028, 1879, 90, 130], [1124, 988, 87, 171], [1237, 798, 70, 112]]
[[1368, 2177, 141, 106], [1867, 2173, 94, 112], [3590, 1941, 154, 111], [1377, 1501, 117, 63], [3850, 1323, 94, 57], [907, 197, 123, 121], [5512, 127, 150, 136]]
[[1351, 2149, 144, 105], [1851, 2147, 97, 114], [3577, 1924, 159, 120], [1365, 1459, 120, 96], [3836, 1302, 114, 115], [913, 163, 126, 118], [5526, 116, 145, 153]]
[[3610, 1699, 159, 94], [2339, 1626, 97, 126], [2879, 812, 114, 94], [2387, 705, 150, 124], [3860, 459, 72, 114], [719, 436, 96, 64]]
[[4352, 2127, 115, 82], [5623, 1931, 96, 120], [3398, 736, 150, 103]]
[[4714, 1929, 78, 79], [3909, 1897, 96, 103], [4919, 1755, 61, 120], [2723, 940, 111, 129]]
[[4099, 2018, 94, 96], [76, 1973, 103, 75], [3976, 1933, 102, 108], [607, 1868, 97, 91], [3934, 1713, 130, 153], [3905, 1540, 115, 154], [2825, 1527, 114, 157], [2205, 1525, 106, 60], [57, 1494, 64, 81], [1329, 1444, 100, 112], [1030, 1405, 96, 102], [2344, 1226, 108, 114], [1257, 818, 103, 87], [2971, 697, 105, 58], [980, 634, 106, 72], [1194, 391, 82, 79], [209, 310, 88, 85], [1184, 281, 90, 51], [3968, 256, 106, 103], [769, 141, 84, 88]]
[[4582, 2176, 81, 69], [2595, 2082, 178, 108], [5280, 1981, 103, 79], [2910, 1870, 162, 120], [5274, 1736, 93, 81], [4572, 1574, 84, 91], [3727, 1459, 57, 90], [3490, 1421, 117, 90], [4714, 1272, 108, 139], [5238, 957, 151, 168], [4262, 894, 108, 70], [4748, 871, 99, 111], [3903, 728, 160, 87], [4260, 339, 127, 106], [5333, 278, 63, 108], [3671, 214, 139, 93], [698, 106, 97, 84]]
[[2643, 2036, 165, 109], [4026, 2037, 154, 93], [4744, 1989, 87, 93], [2530, 1952, 126, 88], [3938, 1042, 60, 94], [1871, 837, 75, 123], [4535, 808, 88, 156]]
[[3918, 2001, 87, 118], [4612, 670, 108, 165], [4111, 632, 136, 103], [4675, 548, 103, 108], [1223, 235, 147, 139]]
[[3934, 1874, 159, 124], [894, 1694, 75, 112], [5405, 1384, 88, 85], [1342, 1288, 121, 84], [1159, 917, 127, 67], [4696, 710, 75, 120], [3661, 623, 103, 136]]
[[260, 2028, 79, 84], [999, 1810, 97, 76], [4199, 1469, 177, 144], [529, 1414, 67, 111], [1437, 1396, 76, 82], [1804, 1321, 70, 111], [2320, 1140, 96, 70], [129, 782, 97, 100], [1335, 736, 93, 105], [1255, 418, 78, 96], [1365, 405, 133, 145], [972, 390, 133, 97]]
[[2948, 1901, 133, 136], [124, 1846, 120, 136], [1138, 1760, 150, 121], [2797, 1602, 106, 117], [255, 1603, 127, 88], [2483, 1377, 120, 69], [1001, 1355, 130, 114], [3082, 1329, 123, 103], [1220, 865, 64, 120], [2057, 726, 70, 121]]
[[2418, 2068, 55, 102], [3408, 2063, 73, 97], [3143, 2039, 166, 124], [2232, 1681, 102, 81], [109, 159, 55, 91]]
[[250, 2048, 159, 99], [1455, 2014, 79, 85], [2080, 1807, 156, 78], [1437, 1715, 132, 142], [4639, 944, 112, 67], [718, 821, 147, 108], [325, 770, 117, 129], [97, 681, 114, 105], [636, 556, 105, 90], [1077, 505, 88, 111]]
[[888, 1816, 109, 73], [716, 1615, 120, 79], [4258, 1506, 165, 102], [964, 1427, 145, 111], [96, 815, 141, 102], [2375, 740, 112, 186], [996, 285, 82, 111]]
[[3937, 2238, 130, 100], [3626, 1980, 76, 54], [2662, 655, 162, 111], [326, 219, 120, 88]]
[[618, 2144, 121, 70], [821, 1688, 139, 97], [3896, 1650, 141, 117], [2780, 1319, 120, 99], [804, 1315, 79, 124], [3017, 821, 123, 114], [4234, 585, 99, 88]]
[[1215, 2286, 61, 99], [3030, 1503, 84, 60], [1577, 721, 117, 133], [1234, 721, 112, 84]]
[[349, 1289, 70, 114], [4752, 909, 118, 184], [197, 873, 138, 102], [1375, 488, 141, 123]]
[[616, 2171, 153, 106], [252, 1874, 97, 64], [2379, 1794, 130, 85], [3001, 1514, 108, 118], [389, 1517, 46, 85], [2175, 903, 105, 151], [3813, 698, 123, 130], [1117, 136, 82, 87], [279, 106, 129, 90]]
[[1222, 1640, 97, 141], [2352, 1559, 105, 150], [3301, 1004, 180, 142], [1167, 809, 85, 115], [4530, 468, 87, 105]]
[[3229, 2137, 84, 96], [2041, 1891, 94, 120], [1477, 1657, 109, 85], [4182, 1448, 81, 69], [2150, 890, 130, 97], [1194, 844, 67, 103], [4908, 675, 105, 130]]
[[1531, 2160, 111, 82], [1900, 1927, 117, 85], [4295, 1070, 109, 97], [556, 602, 93, 142], [1088, 584, 127, 127], [213, 200, 160, 126]]
[[2962, 1779, 112, 141], [1200, 1488, 103, 124], [1956, 1384, 84, 91], [1149, 1010, 99, 79], [898, 942, 138, 91], [4293, 832, 144, 111], [5648, 785, 160, 133], [784, 667, 117, 84], [4646, 594, 85, 120]]
[[3357, 2386, 81, 66], [1980, 1706, 114, 169], [4323, 1632, 156, 85], [3466, 1057, 150, 103], [1993, 1044, 126, 69], [4741, 1035, 136, 103], [2603, 951, 87, 144]]
[[4664, 1894, 91, 48], [876, 1865, 97, 127], [1945, 1681, 132, 127], [3415, 1637, 102, 84], [2557, 1490, 121, 129], [4819, 870, 88, 111], [1167, 524, 90, 108]]
[[2734, 2237, 127, 153], [3560, 2236, 117, 72], [2938, 1917, 133, 150], [1864, 1798, 85, 97], [3311, 1576, 177, 106], [1941, 1352, 111, 148], [3043, 1117, 88, 79], [3488, 935, 118, 87], [2468, 866, 150, 118], [1288, 834, 60, 103]]
[[2022, 2271, 94, 123], [3258, 1989, 126, 105], [790, 1964, 117, 150], [4398, 1706, 133, 159], [3477, 1511, 165, 103], [2084, 951, 142, 175], [2972, 933, 123, 132], [3076, 762, 103, 103], [4692, 750, 102, 105]]
[[984, 2046, 138, 103], [3357, 1521, 97, 106], [2273, 770, 172, 138], [4382, 431, 193, 129], [1284, 339, 102, 151]]
[[4521, 1912, 109, 91], [1203, 1850, 97, 102], [3497, 1749, 145, 153], [2224, 1532, 90, 112], [4116, 1483, 88, 103], [4149, 1306, 148, 88], [4798, 624, 160, 129]]
[[3247, 1413, 72, 127], [4544, 1344, 118, 141], [2433, 1105, 108, 82], [4922, 493, 127, 135], [4142, 404, 84, 90], [4529, 236, 105, 120]]
[[2305, 1692, 81, 85], [1979, 1463, 85, 145], [2010, 967, 136, 112], [3437, 806, 90, 141], [1302, 155, 114, 100]]
[[1505, 1645, 63, 114], [4341, 1625, 85, 78], [3441, 1590, 90, 97], [2255, 1380, 159, 144], [2208, 877, 57, 79], [3358, 753, 106, 87], [1230, 651, 135, 142], [4297, 642, 102, 82]]
[[4120, 1913, 129, 79], [3201, 1846, 145, 154], [876, 1800, 99, 99], [287, 1565, 78, 96], [3255, 1311, 73, 75], [4557, 1067, 139, 103], [4969, 705, 118, 61]]
[[3743, 2206, 94, 103], [4616, 1805, 130, 78], [2634, 1644, 88, 117], [1550, 1441, 64, 90], [3325, 826, 144, 135], [4548, 799, 141, 82]]
[[1322, 2100, 124, 88], [2318, 1722, 82, 108], [3383, 1604, 126, 88], [2338, 966, 85, 103], [4798, 723, 108, 106]]
[[3397, 2336, 97, 87], [2594, 2051, 76, 114], [3892, 1910, 129, 165], [4597, 1658, 160, 100], [1285, 1611, 142, 121], [3485, 875, 127, 147], [2240, 773, 150, 151], [4513, 783, 88, 70], [4847, 497, 135, 124]]
[[1256, 2290, 141, 106], [3426, 1960, 93, 106], [3785, 1478, 123, 151], [2710, 1425, 85, 108], [2015, 764, 133, 168], [4891, 311, 138, 108]]
[[1613, 1671, 100, 160], [3601, 1660, 106, 109], [4749, 1658, 73, 93], [2114, 1368, 141, 84]]
[[3211, 1100, 81, 66], [3710, 854, 138, 84], [4584, 602, 90, 69], [1121, 574, 111, 84], [5044, 329, 106, 144]]
[[3519, 1601, 97, 112], [2177, 1607, 99, 70], [3849, 1364, 94, 117], [4606, 1359, 129, 99], [3980, 356, 57, 97]]
[[1460, 2210, 72, 112], [3954, 1805, 136, 75], [1412, 890, 96, 103], [4570, 698, 130, 115]]
[[4607, 1684, 120, 82], [4435, 909, 99, 78], [2491, 772, 123, 112], [1009, 171, 93, 115]]
[[2365, 2145, 129, 153], [869, 1638, 115, 82], [1345, 688, 84, 64], [1284, 594, 82, 112], [794, 492, 106, 117], [615, 482, 100, 108], [1336, 247, 133, 82]]
[[931, 1567, 109, 126], [1275, 522, 90, 129], [1436, 289, 63, 115]]
[[1197, 2386, 103, 79], [2659, 2075, 112, 118], [2126, 2044, 109, 115], [3097, 1454, 60, 93], [214, 1085, 118, 174], [4641, 970, 90, 111], [167, 963, 94, 75], [383, 938, 93, 138], [1501, 932, 67, 115], [1922, 887, 135, 111], [171, 691, 78, 69], [215, 681, 121, 120], [1791, 320, 69, 102]]
[[3442, 1656, 115, 79], [1293, 1645, 76, 94], [2114, 1575, 85, 82], [4369, 1477, 75, 69], [69, 1434, 70, 129], [2554, 1377, 109, 82], [3210, 1348, 81, 112], [126, 1327, 127, 138], [1430, 955, 76, 66], [3411, 923, 112, 57], [4367, 893, 84, 84], [2328, 758, 102, 88], [1355, 570, 130, 82], [4307, 513, 154, 112]]
[[1287, 1798, 73, 79], [3492, 1701, 88, 73], [1221, 1440, 75, 100], [4644, 1407, 94, 70], [2121, 1365, 88, 81], [2458, 794, 69, 78], [3658, 714, 72, 73], [1333, 716, 88, 63], [4547, 362, 81, 76]]
[[2143, 1804, 76, 87], [2316, 1504, 114, 73], [939, 1488, 111, 79], [3242, 1449, 96, 64], [4244, 1427, 96, 94], [1946, 932, 102, 67], [3225, 720, 94, 73], [4344, 528, 84, 61]]
[[2426, 1845, 63, 88], [3573, 1535, 85, 76], [4411, 1411, 90, 57], [233, 1039, 54, 81], [2090, 726, 106, 117], [3576, 703, 76, 67], [1275, 613, 79, 85], [4251, 560, 79, 88], [774, 563, 70, 66]]
[[1302, 1615, 91, 88], [2334, 1364, 67, 75], [4561, 1322, 87, 105], [2662, 1318, 105, 87], [919, 1257, 64, 73], [1207, 792, 99, 67], [2029, 652, 76, 81], [1102, 287, 105, 66]]
[[2603, 1616, 85, 117], [1348, 1529, 81, 73], [4373, 1419, 82, 67], [3489, 1415, 72, 78], [2304, 785, 61, 97], [3329, 786, 69, 76], [3574, 696, 97, 139], [906, 608, 93, 76], [1223, 347, 78, 73]]
[[4223, 2113, 88, 63], [2498, 1926, 109, 67], [3245, 1914, 87, 55], [934, 1837, 60, 91], [4305, 1505, 103, 69], [3575, 1410, 85, 150], [2424, 1384, 82, 126], [2126, 843, 67, 63], [4327, 764, 76, 67], [3342, 758, 64, 70], [951, 470, 84, 84]]
[[3626, 1692, 72, 90], [4461, 1521, 102, 123], [2096, 1516, 90, 84], [3391, 1454, 60, 61], [1196, 1433, 97, 66], [2097, 845, 69, 69], [2172, 833, 60, 63], [3360, 824, 112, 70], [4421, 770, 87, 151], [2119, 767, 126, 79], [3302, 733, 102, 114], [4225, 548, 87, 72], [1364, 545, 73, 66]]
[[1172, 1565, 90, 58], [4471, 1524, 94, 90], [2425, 1442, 84, 93], [3377, 1386, 81, 84], [2287, 707, 60, 81], [902, 703, 78, 87], [4351, 674, 114, 183], [3346, 672, 82, 112], [1252, 506, 129, 82]]
[[3538, 1699, 130, 100], [1934, 1639, 174, 99], [3213, 1556, 79, 97], [1050, 1504, 93, 120], [4217, 1471, 99, 114], [1128, 1459, 94, 63], [1150, 1378, 88, 96], [4400, 795, 73, 70], [3143, 739, 121, 102], [3684, 729, 81, 82], [4254, 722, 70, 57], [955, 577, 100, 103], [4260, 469, 93, 78]]
[[5110, 1441, 139, 88], [4747, 1352, 120, 61], [1746, 931, 67, 108], [1136, 829, 124, 154], [5712, 722, 99, 85], [4686, 651, 127, 96], [1144, 250, 117, 76], [750, 243, 99, 67], [5100, 177, 175, 126]]
[[1393, 2115, 105, 97], [3868, 1999, 126, 123], [2551, 1513, 117, 160], [4326, 1376, 145, 87], [5816, 855, 76, 130]]
[[5616, 1889, 162, 141], [4842, 1344, 147, 171], [1889, 1336, 142, 144], [3770, 909, 117, 141], [1371, 852, 144, 115]]
[[2536, 2004, 93, 175], [3855, 1921, 129, 127], [4816, 992, 133, 118], [5592, 951, 111, 115], [2493, 912, 112, 147], [1882, 773, 151, 174], [4491, 598, 121, 136], [4608, 288, 153, 118]]
[[5808, 2124, 85, 135], [5604, 1792, 121, 103], [1981, 1563, 126, 120], [5146, 797, 87, 147]]
[[1833, 2264, 109, 103], [4272, 2168, 64, 61], [5624, 1731, 88, 111]]
[[2531, 1932, 133, 157], [3239, 1677, 121, 144], [3464, 923, 142, 145]]
[[4914, 2180, 166, 127], [4547, 1980, 85, 138], [4596, 1402, 145, 90], [5476, 1079, 76, 76], [4269, 670, 126, 129], [5018, 233, 88, 118]]
[[4366, 1387, 151, 147], [4596, 889, 124, 132], [5668, 742, 141, 97]]
[[1179, 1726, 121, 81], [5028, 1718, 139, 108], [2338, 1596, 141, 127], [5062, 1523, 145, 112], [3988, 1342, 103, 142], [2174, 821, 109, 97], [5263, 415, 51, 91], [4634, 296, 124, 159]]
[[4831, 2266, 163, 160], [2330, 1877, 154, 121], [1261, 1852, 109, 151], [3445, 1820, 153, 120], [3633, 1647, 151, 163], [4546, 1540, 84, 168], [5012, 239, 111, 147], [4715, 228, 163, 166]]
[[3245, 1647, 85, 159], [1329, 1612, 142, 144], [1210, 661, 121, 144]]
[[2043, 2053, 117, 111], [3764, 1961, 130, 162], [1358, 1798, 120, 148], [3682, 1008, 103, 87], [4753, 919, 141, 118], [5002, 694, 151, 103]]
[[4815, 2204, 102, 99], [4785, 2017, 144, 169], [2419, 1715, 67, 118], [4427, 1676, 120, 117], [3840, 1386, 147, 157], [1060, 984, 114, 91], [2427, 947, 97, 111], [3740, 721, 88, 136]]
[[3382, 1704, 145, 94], [2306, 1621, 150, 174], [4695, 1055, 129, 111], [2022, 949, 144, 121], [967, 718, 109, 94], [4936, 318, 145, 100]]
[[1830, 2241, 93, 133], [4444, 2024, 171, 159], [2320, 1692, 151, 126], [4613, 958, 192, 142], [3272, 943, 142, 145], [2111, 933, 160, 168], [901, 761, 108, 141]]
[[3017, 2181, 94, 130], [2078, 1890, 144, 133], [1431, 1858, 135, 105], [3374, 1811, 151, 99], [862, 1141, 111, 102], [3610, 1143, 84, 61], [4539, 834, 180, 130]]
[[801, 1727, 69, 114], [1165, 1613, 156, 129], [3800, 1560, 118, 163], [4252, 1566, 94, 66], [3390, 798, 115, 153], [4808, 754, 148, 99]]
[[2137, 2205, 72, 99], [3221, 2074, 151, 150], [882, 2033, 120, 97], [4371, 1812, 163, 175], [2435, 1646, 193, 118], [4648, 772, 154, 90]]
[[3753, 1859, 82, 73], [4792, 1842, 96, 132], [3086, 1552, 109, 153], [1318, 1332, 63, 81]]
[[4447, 2110, 118, 130], [3323, 2028, 54, 105], [1200, 2025, 93, 93], [2355, 1767, 112, 184]]
[[3848, 2028, 96, 142], [4590, 1669, 81, 135], [2666, 1450, 96, 183], [2758, 874, 147, 102], [3657, 759, 133, 106], [1518, 610, 64, 126], [4307, 533, 97, 124]]
[[1952, 1816, 105, 124], [4927, 1464, 150, 150], [3166, 989, 160, 126], [4775, 895, 165, 109], [4986, 397, 121, 109]]
[[4819, 1806, 117, 132], [1310, 1742, 123, 105], [3732, 1468, 132, 82], [3649, 915, 102, 109], [5013, 889, 114, 145]]
[[1237, 1822, 109, 121], [3742, 1356, 73, 108], [4571, 771, 102, 127], [2054, 724, 171, 126], [1512, 665, 114, 103], [4012, 424, 72, 111]]
[[4990, 2343, 103, 124], [4461, 2119, 130, 151], [1249, 2124, 117, 100], [3952, 1567, 135, 156], [3394, 1441, 93, 141], [3829, 1052, 105, 123], [4811, 461, 118, 117]]
[[3216, 1958, 99, 69], [1132, 1950, 102, 88], [3569, 1768, 94, 81], [4506, 1581, 141, 118], [5813, 1077, 63, 52], [4857, 1020, 159, 123], [2124, 1002, 88, 87], [826, 615, 97, 145], [4877, 394, 114, 153]]
[[2492, 2198, 130, 120], [4278, 1810, 181, 109], [2239, 1065, 72, 60]]
[[2168, 1954, 99, 142], [1083, 1928, 141, 114], [4615, 1579, 142, 144], [4649, 1074, 94, 93], [4480, 1065, 117, 147], [1145, 462, 118, 88]]
[[3629, 2275, 130, 133], [1131, 2247, 117, 111], [1542, 2244, 111, 76], [3373, 2233, 66, 79], [1295, 2211, 72, 108], [2874, 2192, 76, 123], [2419, 2074, 108, 121], [1253, 2063, 69, 88], [1619, 2059, 109, 105], [2155, 2048, 64, 103], [3142, 2045, 85, 90], [1077, 1983, 90, 129], [1545, 1930, 171, 118], [3836, 1811, 70, 97], [5068, 1748, 130, 73], [4812, 1733, 84, 97], [3449, 1628, 132, 123], [2701, 1584, 81, 94], [1490, 1555, 85, 144], [4923, 1562, 85, 63], [1177, 1546, 144, 127], [1601, 1524, 126, 168], [4257, 1468, 94, 81], [3509, 1462, 114, 69], [2837, 1451, 93, 97], [3833, 1434, 160, 84], [1219, 1414, 94, 114], [4249, 1354, 112, 69], [2566, 1324, 94, 90], [2863, 1311, 85, 82], [5564, 1221, 70, 136], [4435, 1113, 78, 72], [1601, 1088, 94, 93], [1059, 1073, 180, 99], [1873, 1074, 79, 76], [2256, 789, 147, 85], [2442, 729, 69, 124], [5103, 701, 85, 69], [4889, 631, 90, 84], [4268, 593, 105, 124], [4426, 562, 108, 103], [4253, 461, 70, 73], [5024, 405, 94, 66], [1429, 315, 159, 124], [1394, 220, 114, 108], [4736, 193, 103, 114], [1197, 191, 94, 100], [1609, 192, 117, 69]]
[[264, 2164, 142, 151], [1611, 2139, 102, 102], [114, 2083, 72, 123], [2665, 2059, 79, 94], [130, 1910, 73, 90], [362, 1827, 130, 78], [214, 1783, 94, 96], [749, 1772, 132, 106], [176, 1577, 103, 60], [1164, 1488, 69, 108], [239, 1469, 102, 96], [645, 1456, 93, 133], [720, 1427, 76, 126], [343, 1374, 141, 160], [840, 1332, 102, 87], [202, 1314, 133, 88], [726, 1279, 87, 63], [2659, 1263, 97, 120], [599, 1241, 141, 186], [214, 1209, 160, 99], [304, 1100, 120, 183], [208, 1058, 93, 69], [957, 972, 73, 111], [3541, 951, 73, 126], [1153, 890, 90, 105], [2590, 857, 135, 177], [735, 620, 115, 81], [796, 534, 187, 150], [257, 529, 121, 126], [940, 438, 135, 76], [1400, 213, 123, 115]]
[[1127, 1750, 145, 127], [3772, 1537, 106, 156], [695, 726, 69, 108], [1109, 172, 108, 126]]
[[1910, 1460, 97, 121], [3251, 726, 87, 120], [1883, 686, 100, 99], [886, 527, 96, 112], [1219, 502, 130, 94], [1049, 287, 103, 144], [4342, 243, 81, 106]]
[[573, 2065, 130, 136], [3156, 1533, 144, 192], [1903, 1498, 127, 118], [3572, 817, 106, 132], [4313, 544, 79, 94]]
[[4346, 1874, 163, 109], [870, 1455, 108, 129], [238, 1375, 102, 130], [2936, 1212, 54, 87], [4519, 959, 147, 82], [2263, 890, 127, 79], [200, 675, 73, 108], [1158, 578, 108, 130], [4651, 292, 82, 102]]
[[581, 2093, 82, 82], [1556, 1715, 123, 112], [826, 1652, 111, 160], [3425, 1469, 115, 138], [3297, 824, 114, 85], [1360, 432, 112, 85], [4929, 422, 64, 115]]
[[4426, 1806, 154, 117], [4857, 1686, 78, 132], [2139, 1603, 78, 154], [3562, 1500, 112, 93], [1128, 1439, 162, 97], [3323, 796, 90, 126], [4366, 728, 103, 118], [996, 648, 166, 103], [4770, 548, 118, 117]]
[[4503, 1628, 96, 177], [3398, 1329, 78, 76], [2161, 1219, 162, 105], [1191, 1201, 73, 82], [4824, 560, 118, 127], [1502, 498, 69, 66], [1060, 135, 103, 141]]
[[1061, 2031, 120, 100], [2783, 1785, 72, 69], [4694, 1618, 118, 121], [3498, 1563, 142, 78], [1236, 1239, 114, 88], [1543, 1174, 132, 87], [2497, 609, 100, 163], [4951, 607, 61, 121], [4232, 612, 123, 93], [1422, 559, 103, 124]]
[[4842, 1906, 61, 112], [3391, 1591, 88, 63], [860, 1579, 70, 112], [3498, 766, 100, 117], [876, 669, 94, 138]]
[[4541, 1914, 136, 129], [4819, 1442, 172, 108], [2487, 1378, 106, 91], [1004, 751, 99, 109], [3608, 730, 147, 93], [1482, 677, 118, 160], [296, 400, 157, 106]]
[[1424, 1566, 88, 106], [2583, 1472, 135, 117], [4705, 1466, 111, 102], [3286, 1419, 111, 109], [899, 411, 111, 114], [4642, 358, 120, 70]]
[[4747, 1899, 114, 106], [2129, 1889, 132, 117], [4522, 1236, 120, 112], [1211, 962, 109, 64], [3279, 869, 84, 156], [3688, 743, 130, 82], [993, 647, 109, 129], [4877, 614, 88, 94], [4580, 383, 133, 97]]
[[1791, 2116, 106, 105], [3589, 1739, 106, 73], [2287, 1363, 115, 142], [3544, 969, 160, 100], [4825, 921, 103, 91], [908, 761, 129, 111], [1014, 332, 154, 120]]
[[3337, 1918, 79, 85], [4497, 1594, 108, 70], [3132, 1585, 133, 87], [2220, 1568, 145, 166], [82, 1295, 103, 87], [4876, 856, 67, 87], [3440, 824, 118, 76], [3148, 739, 79, 117], [4373, 480, 114, 69]]
[[3561, 2081, 87, 85], [820, 1869, 123, 99], [4518, 1722, 127, 118], [3831, 1595, 154, 90], [3274, 877, 138, 120], [1106, 758, 75, 79], [3911, 450, 97, 54], [4885, 150, 58, 82], [853, 55, 136, 75]]
[[1291, 1624, 105, 99], [3539, 1604, 115, 135], [2375, 1593, 88, 73], [4348, 1475, 150, 96], [4344, 816, 154, 102], [2475, 777, 78, 112], [3805, 732, 105, 84], [1224, 632, 135, 154]]
[[1092, 1895, 111, 88], [3424, 1770, 60, 117], [1564, 1397, 106, 81], [2356, 668, 154, 165], [4620, 300, 132, 115]]
[[3359, 1473, 58, 87], [4917, 1321, 129, 78], [4395, 584, 130, 79], [571, 577, 148, 106], [4735, 463, 136, 106], [3943, 378, 60, 67]]
[[3357, 2119, 172, 103], [3828, 1848, 91, 99], [1023, 1728, 141, 115], [4299, 1638, 142, 178], [4913, 350, 91, 112], [1804, 327, 96, 100]]
[[211, 2231, 97, 51], [4902, 1942, 163, 97], [2699, 1697, 108, 111], [1909, 1563, 78, 105], [2102, 894, 94, 132], [4328, 712, 88, 97], [4344, 571, 75, 127], [986, 542, 130, 120]]
[[2944, 2032, 63, 105], [1315, 1706, 99, 117], [568, 696, 73, 114], [4128, 540, 106, 132], [1529, 86, 87, 159]]
[[3843, 1696, 97, 120], [3365, 1410, 120, 84], [4425, 937, 120, 88], [4786, 791, 66, 109], [749, 704, 103, 112], [5611, 450, 90, 87]]
[[2079, 1304, 88, 130], [4283, 1244, 96, 126], [3110, 1198, 84, 153], [3155, 646, 118, 108], [1311, 319, 88, 69], [976, 317, 96, 67]]
[[2377, 1460, 138, 112], [4269, 1295, 84, 54], [1142, 1156, 67, 84], [1904, 799, 85, 94], [1026, 485, 105, 109]]
[[2736, 1806, 135, 112], [4383, 1809, 136, 85], [3533, 1649, 127, 123], [1845, 1296, 78, 106], [1280, 544, 121, 136], [3804, 486, 151, 142]]
[[3986, 1977, 115, 97], [4231, 1972, 112, 90], [5154, 1603, 97, 61], [2828, 1365, 153, 147], [1126, 1370, 127, 91], [2303, 1205, 108, 151], [1045, 1098, 124, 79], [1283, 316, 66, 111]]
[[3038, 1905, 102, 82], [2423, 1540, 93, 153], [1854, 1474, 139, 105], [3767, 481, 112, 91], [934, 266, 159, 120]]
[[2751, 1802, 69, 97], [2575, 1807, 91, 61], [2670, 1672, 64, 109], [1197, 1599, 72, 88], [2652, 1578, 72, 79], [2688, 1404, 96, 85], [4015, 1366, 93, 82], [1924, 1334, 64, 75], [1346, 1284, 84, 136], [2767, 1285, 102, 73], [2662, 1219, 111, 82], [2940, 1166, 64, 78], [2776, 846, 84, 117], [2305, 841, 126, 118], [853, 326, 85, 64]]
[[4453, 2194, 111, 111], [3150, 2173, 100, 61], [2617, 2164, 79, 120], [4270, 2153, 105, 57], [288, 2115, 87, 60], [760, 2057, 90, 88], [5600, 2015, 61, 91], [2273, 1965, 69, 124], [1045, 1956, 132, 169], [3648, 1952, 87, 132], [1467, 1892, 88, 94], [2119, 1790, 102, 103], [1969, 1779, 48, 70], [1008, 1757, 121, 124], [1106, 1748, 121, 118], [736, 1694, 141, 175], [2646, 1674, 94, 90], [3446, 1632, 112, 79], [1469, 1605, 81, 72], [799, 1515, 111, 64], [2321, 1490, 114, 58], [2630, 1473, 97, 106], [906, 1479, 88, 54], [3915, 1461, 112, 73], [1184, 1451, 139, 123], [1521, 1410, 103, 60], [4847, 1328, 105, 73], [1380, 1312, 111, 94], [5522, 1238, 72, 99], [1137, 1009, 141, 84], [989, 976, 69, 81], [4323, 959, 130, 103], [991, 891, 130, 87], [734, 852, 106, 88], [1922, 807, 171, 121], [1786, 784, 118, 73], [4628, 763, 87, 63], [3920, 735, 99, 168], [1011, 683, 117, 63], [4535, 640, 145, 102], [720, 608, 190, 150], [4655, 526, 100, 130], [1387, 449, 90, 129], [821, 431, 118, 112], [1110, 422, 120, 99], [5534, 398, 120, 87], [4195, 66, 144, 87]]
[[4324, 1515, 100, 84], [3025, 1478, 78, 79], [3116, 1361, 109, 97], [4679, 1042, 46, 85], [4805, 592, 75, 135], [5582, 389, 130, 109]]
[[860, 2150, 105, 75], [4512, 1736, 79, 118], [1381, 1662, 106, 130], [1460, 1452, 124, 126], [1350, 832, 154, 82], [3076, 737, 103, 163]]
[[1874, 1934, 91, 87], [2433, 1848, 93, 66], [2205, 1445, 105, 90], [1044, 1409, 61, 87], [4501, 709, 96, 75], [2305, 678, 79, 63], [1270, 635, 63, 73]]
[[4472, 1654, 112, 84], [3091, 1645, 120, 121], [2338, 1440, 145, 117], [2063, 887, 88, 88], [3694, 767, 141, 93], [4438, 652, 100, 81], [971, 415, 109, 67], [1087, 294, 45, 87]]
[[3421, 1932, 75, 72], [4521, 1890, 127, 85], [2593, 1865, 79, 109], [3651, 1826, 106, 174], [1992, 1608, 112, 117], [3625, 684, 117, 63], [4373, 546, 148, 136]]
[[2053, 2075, 159, 102], [1941, 2067, 151, 84], [4968, 2013, 112, 63], [2103, 1684, 115, 141], [875, 336, 139, 81]]
[[2627, 2039, 126, 183], [3252, 1640, 166, 121], [2050, 1535, 100, 73], [4676, 1528, 69, 97], [3113, 1297, 88, 85], [1450, 1235, 177, 97], [3810, 860, 108, 105]]
[[4921, 1822, 139, 91], [4769, 1800, 97, 114], [2186, 1648, 111, 91], [4500, 1495, 127, 75], [4378, 1236, 171, 106], [5408, 1111, 202, 138], [1858, 964, 108, 118], [3070, 822, 226, 120]]
[[1306, 2147, 123, 105], [2833, 1982, 114, 67], [1040, 1337, 135, 136], [3286, 1280, 156, 151], [4411, 240, 99, 115]]
[[2774, 1893, 117, 123], [4261, 1882, 115, 118], [4549, 1872, 156, 103], [1935, 1741, 130, 186], [3531, 1585, 133, 157], [1785, 963, 112, 135], [2623, 682, 120, 114], [3921, 590, 90, 132], [898, 349, 169, 163], [4644, 73, 172, 123]]
[[5593, 2158, 90, 69], [4583, 1920, 160, 87], [5543, 1633, 102, 105], [3102, 1532, 178, 151], [2278, 1416, 139, 129], [3786, 670, 85, 84], [941, 549, 150, 109], [4511, 500, 175, 112]]
[[3385, 2112, 112, 79], [2698, 2058, 138, 118], [2869, 1998, 135, 111], [1034, 1754, 148, 91], [1809, 1626, 132, 178], [151, 1495, 123, 84], [388, 1184, 87, 121], [282, 851, 175, 139], [2706, 778, 103, 94], [4423, 655, 163, 121]]
[[2270, 1695, 112, 66], [4544, 1503, 154, 147], [3138, 1474, 117, 112], [873, 859, 153, 120], [3569, 833, 132, 121], [4161, 741, 102, 145]]
[[3398, 2090, 85, 72], [5615, 1899, 64, 70], [774, 1618, 130, 87], [3432, 1485, 96, 102], [4515, 1318, 157, 129], [2094, 941, 136, 90], [2226, 898, 112, 60], [1186, 818, 103, 123], [3244, 635, 108, 136], [3844, 506, 121, 121], [5427, 161, 162, 90], [4478, 118, 124, 76]]
[[1041, 2121, 88, 123], [2564, 1998, 84, 129], [1132, 1896, 103, 75], [3713, 1691, 150, 93], [3656, 1593, 138, 123], [3866, 652, 60, 109], [4540, 419, 96, 103], [358, 288, 75, 111]]
[[1244, 2217, 132, 84], [2924, 2011, 120, 133], [3370, 1975, 99, 144], [1461, 1741, 124, 87], [3197, 868, 94, 117], [1429, 462, 130, 121]]
[[103, 2208, 94, 79], [3777, 2178, 126, 78], [4389, 1999, 112, 82], [1041, 1802, 132, 69], [4216, 1730, 118, 76], [1053, 1322, 148, 132], [124, 1164, 94, 126], [1226, 508, 148, 103], [597, 414, 151, 84]]
[[243, 1884, 115, 82], [2353, 1757, 120, 153], [1112, 1726, 142, 142], [1766, 1628, 60, 105], [3083, 1573, 136, 85], [1426, 1501, 150, 88], [3496, 1440, 129, 70], [3206, 1389, 174, 109], [2423, 1350, 168, 120], [361, 1346, 112, 115], [4036, 1256, 96, 72], [371, 1067, 97, 84], [577, 1015, 112, 60], [2276, 867, 145, 139], [3275, 766, 82, 129], [558, 255, 79, 88], [191, 96, 135, 100]]
[[346, 1987, 147, 82], [3702, 1799, 144, 103], [291, 1489, 99, 138], [2269, 1488, 120, 118], [1486, 1357, 147, 153], [712, 149, 181, 139]]
[[638, 1664, 85, 109], [3721, 1513, 117, 96], [1515, 1239, 115, 88], [5379, 1014, 75, 76], [1388, 921, 156, 150], [1158, 928, 88, 103], [161, 897, 67, 84], [3889, 884, 88, 132], [1301, 723, 64, 99], [1135, 369, 151, 148], [127, 86, 108, 79]]
[[138, 1982, 84, 79], [3781, 1832, 127, 73], [2224, 1806, 75, 123], [3493, 1401, 139, 103], [1456, 1353, 96, 124], [2543, 1356, 133, 82], [2390, 1302, 96, 153], [1550, 913, 67, 115], [1347, 520, 133, 115], [4175, 57, 114, 168]]
[[404, 2291, 129, 82], [2472, 2158, 103, 106], [4663, 1964, 117, 102], [4724, 1744, 148, 120], [1821, 1668, 94, 115], [1474, 1585, 177, 133], [4047, 1432, 136, 109], [2389, 1435, 108, 82], [747, 1424, 142, 103], [5305, 1178, 100, 123], [1521, 889, 106, 157], [1343, 861, 97, 144], [972, 782, 117, 76], [5332, 360, 141, 193]]
[[1060, 2052, 96, 69], [2118, 1884, 90, 79], [2641, 1824, 168, 165], [893, 1786, 91, 96], [923, 1768, 103, 67], [1433, 1271, 166, 100], [848, 833, 151, 112], [1456, 617, 108, 114]]
[[237, 2072, 141, 88], [4347, 1362, 111, 57], [1782, 1290, 117, 139], [3117, 1008, 136, 108], [4133, 560, 63, 111], [4730, 182, 148, 103]]
[[3011, 1996, 133, 85], [4740, 1948, 154, 88], [4608, 1608, 66, 124], [1746, 1237, 166, 112], [4153, 607, 94, 97], [4735, 113, 136, 90]]
[[3826, 2136, 106, 109], [4717, 1984, 79, 70], [3028, 1692, 118, 135], [3330, 1546, 130, 150], [3628, 1456, 124, 144], [632, 1425, 141, 90], [4575, 655, 118, 69]]
[[1410, 2255, 117, 111], [4390, 1916, 111, 84], [4683, 1621, 139, 108], [2217, 1047, 154, 112], [4637, 339, 118, 96], [1338, 320, 148, 123]]
[[1835, 1773, 162, 102], [4365, 742, 111, 109], [1492, 611, 177, 139], [1060, 525, 180, 109]]
[[2679, 1949, 138, 111], [118, 1715, 180, 106], [3430, 1616, 117, 115], [4415, 1547, 99, 120], [2289, 898, 114, 148], [1906, 823, 96, 103], [2875, 780, 67, 124]]
[[3726, 1705, 127, 130], [4178, 1370, 99, 144], [3176, 1336, 100, 52], [4014, 1202, 114, 144], [120, 938, 103, 127], [945, 340, 126, 184], [64, 277, 199, 127]]
[[4296, 2179, 115, 88], [3366, 2062, 81, 124], [1856, 1015, 151, 121], [2121, 892, 127, 118], [3759, 624, 156, 78], [755, 284, 199, 106]]
[[528, 2195, 115, 76], [722, 2025, 171, 102], [2350, 1926, 117, 112], [1091, 1898, 118, 91], [193, 1559, 132, 136], [696, 1297, 129, 133], [946, 1297, 141, 120], [77, 1175, 126, 106], [3312, 766, 121, 144], [3200, 658, 133, 94]]
[[618, 2041, 64, 72], [201, 1662, 115, 99], [4616, 1625, 103, 70], [912, 1452, 76, 94], [2468, 1341, 87, 84], [2336, 880, 138, 88], [1353, 417, 129, 100], [944, 285, 87, 99]]
[[117, 2003, 111, 85], [2184, 1837, 130, 111], [4157, 1673, 120, 138], [2339, 616, 93, 112]]
[[949, 2000, 150, 123], [3176, 1923, 153, 109], [3457, 1876, 120, 123], [728, 1327, 109, 99], [94, 475, 126, 123], [767, 470, 130, 126], [3794, 63, 78, 147]]
[[3835, 1754, 117, 72], [964, 1500, 148, 76], [2069, 990, 103, 100], [1109, 934, 136, 114], [4609, 784, 120, 78], [252, 381, 157, 118], [622, 150, 100, 127]]
[[971, 2063, 115, 60], [2939, 1695, 162, 114], [2680, 1542, 64, 126], [3812, 1188, 72, 81], [41, 544, 64, 75]]
[[4733, 1665, 90, 84], [99, 1490, 127, 123], [334, 1164, 64, 85], [144, 1156, 144, 85], [366, 1136, 66, 75], [5509, 930, 82, 73], [3213, 914, 130, 127], [662, 892, 141, 133], [4619, 806, 142, 142], [3848, 491, 97, 112]]
[[363, 2223, 144, 99], [2420, 1894, 99, 111], [1115, 1577, 102, 115], [2376, 1440, 94, 130], [2222, 1292, 105, 105], [3561, 928, 121, 81], [2879, 853, 130, 126], [1926, 833, 117, 153], [4662, 347, 87, 118], [342, 139, 93, 111], [3819, 70, 67, 76]]
[[3214, 1796, 121, 142], [1013, 1777, 106, 112], [1883, 674, 103, 118]]
[[602, 1851, 72, 94], [1210, 1532, 138, 75], [3101, 1472, 130, 118], [225, 1406, 123, 82], [1763, 1374, 156, 85], [2121, 1028, 91, 64], [123, 715, 154, 144], [24, 454, 153, 181], [597, 424, 174, 102]]
[[1559, 1870, 103, 105], [4319, 1822, 189, 99], [1245, 1523, 118, 75], [703, 676, 111, 127]]
[[1536, 1937, 97, 81], [4345, 1455, 163, 127], [2382, 1450, 133, 99], [1031, 824, 111, 103], [572, 758, 120, 82], [3776, 650, 91, 105], [4560, 139, 133, 127]]
[[3102, 2114, 124, 126], [654, 2036, 93, 105], [220, 1858, 138, 94], [3568, 1248, 64, 124], [2467, 786, 111, 169], [757, 710, 144, 123], [362, 604, 97, 63], [4115, 391, 159, 127]]
[[4323, 1743, 99, 106], [3488, 1550, 153, 171], [3605, 1324, 112, 112], [3209, 996, 109, 60], [3467, 876, 76, 97], [3652, 862, 117, 94], [4579, 623, 106, 64], [557, 410, 118, 118]]
[[4491, 2128, 84, 114], [1863, 1706, 195, 123], [3272, 1469, 99, 96], [222, 1134, 148, 85], [1752, 970, 88, 121], [1159, 436, 139, 87], [4621, 427, 114, 75], [679, 283, 135, 100]]
[[1337, 2346, 84, 55], [1962, 2250, 73, 105], [3067, 2060, 133, 124], [3622, 2026, 99, 118], [3606, 1795, 157, 88], [135, 1749, 132, 73], [2301, 1727, 154, 82], [405, 1718, 120, 102], [3698, 1555, 132, 94], [3021, 1506, 142, 166], [3223, 1425, 156, 81], [1376, 1333, 177, 145], [2648, 1288, 103, 133], [1379, 974, 142, 141], [3607, 905, 126, 166], [582, 511, 193, 112], [645, 206, 139, 114]]
[[194, 1327, 144, 124], [1848, 1027, 130, 99], [3436, 622, 96, 87], [1191, 398, 109, 118], [4181, 370, 163, 130]]
[[2985, 2130, 111, 132], [1096, 2080, 67, 72], [1034, 2064, 96, 144], [1266, 1722, 120, 132], [3160, 1725, 69, 103], [4592, 1715, 67, 97], [2672, 1192, 111, 154], [1000, 489, 139, 114], [4795, 228, 138, 91]]
[[2520, 1858, 117, 60], [4249, 1317, 133, 87], [1836, 1100, 163, 123], [2423, 1054, 166, 126], [2567, 874, 139, 168]]
[[276, 1968, 130, 169], [123, 1873, 174, 124], [2067, 1600, 154, 118], [758, 1538, 147, 145], [3689, 959, 142, 93], [2667, 906, 172, 105], [1085, 476, 153, 85], [1196, 418, 120, 100], [1182, 147, 147, 126]]
[[4573, 1821, 76, 150], [1880, 1770, 142, 96], [2322, 1721, 82, 139], [4818, 1619, 126, 88], [4595, 1587, 168, 106], [4464, 1538, 66, 93], [3293, 1520, 169, 147], [4763, 444, 58, 69]]
[[2540, 1665, 84, 150], [1211, 1648, 103, 142], [1293, 1548, 124, 105], [3172, 1466, 97, 111], [952, 717, 138, 75], [4351, 662, 105, 67]]
[[2225, 2099, 150, 108], [2425, 1614, 181, 121], [1886, 1605, 106, 126], [3217, 1387, 93, 130], [4439, 686, 87, 115], [1056, 602, 157, 99], [1081, 384, 120, 145]]
[[2553, 2068, 67, 124], [895, 1838, 126, 106], [1125, 1676, 162, 120], [3690, 1420, 106, 133], [3353, 1286, 106, 121], [4147, 387, 111, 100]]
[[1900, 2108, 120, 109], [3498, 1945, 109, 70], [813, 1620, 108, 115], [2055, 1559, 111, 111], [4600, 1540, 75, 81], [2240, 858, 106, 111], [1052, 621, 151, 90], [4663, 217, 88, 114]]
[[3439, 1573, 82, 96], [1510, 1518, 111, 72], [2307, 1507, 105, 91], [3191, 807, 82, 115], [4911, 257, 85, 148], [1036, 106, 96, 97]]
[[2213, 1630, 177, 100], [1330, 1524, 97, 120], [4373, 1499, 139, 111], [1219, 783, 169, 118], [2050, 704, 75, 114], [3369, 675, 136, 84], [4879, 337, 166, 111]]
[[3116, 2032, 99, 100], [3367, 1694, 102, 102], [1243, 1675, 123, 94], [4855, 1580, 88, 55], [807, 954, 156, 124], [2363, 855, 88, 90], [813, 802, 96, 106], [4815, 726, 60, 94], [1419, 365, 159, 144]]
[[2295, 2280, 130, 88], [4418, 2255, 58, 82], [4504, 2234, 156, 132], [4183, 2232, 87, 138], [315, 2206, 112, 78], [2657, 2165, 111, 90], [3338, 2091, 79, 100], [4556, 2079, 121, 78], [1072, 2051, 114, 82], [2974, 2045, 138, 72], [893, 2013, 133, 106], [3063, 1956, 124, 117], [4185, 1916, 105, 177], [1429, 1919, 124, 90], [2388, 1904, 64, 123], [605, 1894, 84, 100], [1861, 1885, 94, 141], [3826, 1871, 93, 169], [4315, 1874, 78, 93], [3402, 1859, 160, 91], [4741, 1814, 73, 130], [2444, 1796, 111, 105], [863, 1770, 145, 81], [583, 1711, 81, 70], [3386, 1643, 157, 117], [753, 1619, 87, 133], [3649, 1590, 90, 148], [4341, 1576, 136, 100], [4810, 1577, 117, 70], [1985, 1504, 96, 148], [3600, 1482, 106, 99], [2570, 1451, 108, 61], [3821, 1435, 139, 108], [1342, 1410, 91, 93], [1022, 1352, 69, 121], [4095, 1345, 145, 103], [4494, 1348, 108, 72], [3410, 1272, 139, 111], [2926, 1056, 84, 46], [4679, 1043, 82, 105], [4101, 1010, 156, 87], [918, 971, 85, 135], [4562, 974, 114, 96], [1908, 970, 135, 69], [1551, 962, 75, 97], [2676, 934, 115, 66], [3181, 922, 103, 82], [688, 918, 87, 100], [3556, 902, 129, 78], [4794, 868, 130, 88], [759, 858, 130, 76], [1528, 784, 82, 153], [3063, 765, 106, 111], [2719, 742, 75, 84], [4744, 707, 63, 96], [4312, 683, 94, 97], [46, 680, 108, 117], [3852, 662, 97, 135], [4517, 607, 85, 142], [743, 518, 120, 70], [3874, 505, 118, 69], [4799, 423, 52, 103], [4861, 252, 106, 87], [4341, 241, 168, 102], [1448, 137, 99, 70], [4393, 125, 106, 100]]
[[4570, 1931, 103, 85], [3447, 1922, 126, 75], [2258, 1867, 150, 79], [4390, 1577, 99, 120], [1258, 1568, 97, 129], [1882, 1494, 85, 111], [3488, 1421, 84, 111], [2344, 1419, 73, 106], [4844, 1392, 103, 123], [3019, 1278, 130, 88], [2399, 808, 45, 88], [3831, 785, 85, 67], [3076, 741, 106, 139], [3527, 667, 85, 88], [1160, 646, 82, 115], [1890, 647, 111, 102], [4477, 578, 72, 99]]
[[1270, 1717, 121, 112], [3538, 1607, 102, 115], [1068, 1538, 117, 108], [3087, 1528, 120, 121], [4375, 1525, 66, 72], [2350, 1272, 114, 136], [1255, 1200, 100, 96], [2110, 879, 93, 93], [3582, 791, 105, 130], [3209, 793, 78, 117], [978, 782, 138, 115], [2412, 629, 94, 58], [1301, 599, 151, 121], [4381, 352, 90, 103], [1048, 349, 112, 94]]
[[5401, 1746, 67, 115], [2186, 1750, 126, 88], [3583, 1732, 87, 109], [1265, 1619, 94, 97], [4715, 1339, 81, 127], [3641, 1345, 114, 72], [3138, 1326, 94, 151], [1396, 1329, 115, 76], [2349, 1239, 82, 118], [1256, 790, 84, 90], [4702, 754, 88, 61], [3627, 745, 150, 100], [3126, 683, 97, 171], [2540, 684, 76, 150], [4464, 401, 109, 90], [1092, 331, 114, 97]]
[[1269, 1497, 93, 130], [3004, 1434, 85, 138], [2654, 1250, 123, 148], [1965, 798, 150, 129], [889, 795, 118, 76], [4422, 675, 139, 121]]
[[3002, 1975, 115, 114], [1300, 1774, 165, 126], [3603, 1709, 136, 85], [757, 1457, 109, 75], [2271, 1374, 144, 129], [1325, 1285, 120, 111], [4299, 645, 79, 64], [4725, 611, 114, 129]]
[[1296, 1835, 102, 58], [4840, 1785, 73, 111], [2349, 1769, 102, 141], [3429, 1618, 138, 108], [1429, 911, 166, 135], [4664, 733, 82, 94]]
[[3139, 1803, 168, 100], [1067, 1468, 154, 174], [4233, 1432, 151, 156], [3571, 1294, 163, 115], [3373, 1197, 117, 144], [4584, 716, 139, 150], [2926, 633, 85, 111]]
[[3139, 1898, 157, 139], [1204, 1507, 120, 100], [4336, 957, 88, 132], [2575, 949, 112, 133], [2116, 834, 115, 91], [1174, 435, 120, 123]]
[[4895, 1980, 99, 180], [3450, 1846, 100, 75], [4450, 1725, 150, 162], [2058, 1457, 192, 118], [1096, 1291, 84, 136], [2371, 1242, 106, 111], [3462, 695, 102, 145], [951, 426, 166, 106]]
[[2429, 1949, 130, 96], [2115, 1811, 117, 108], [4705, 1721, 124, 90], [3192, 1604, 97, 148], [893, 991, 130, 94], [3495, 909, 141, 106]]
[[3119, 1723, 111, 142], [2165, 1571, 109, 90], [4465, 1535, 108, 103], [4435, 756, 90, 79], [3052, 696, 115, 69]]
[[4740, 1833, 102, 96], [2368, 1821, 135, 118], [3316, 1744, 117, 127], [4974, 1298, 126, 117], [2120, 778, 100, 115], [5020, 542, 79, 106]]
[[1789, 2080, 88, 156], [1347, 1583, 127, 103], [3217, 1527, 142, 166], [2307, 1520, 139, 94], [4789, 1456, 147, 138], [3162, 879, 114, 94], [2009, 719, 127, 201], [3861, 373, 100, 160]]
[[1192, 1822, 103, 96], [849, 1743, 109, 97], [3650, 1626, 105, 165], [2613, 1628, 105, 106], [1994, 1466, 124, 129], [1493, 1270, 88, 150], [136, 748, 100, 127], [81, 695, 76, 85], [1543, 262, 75, 142], [5615, 137, 67, 52]]
[[3557, 1885, 102, 115], [4652, 1728, 58, 109], [3414, 1566, 105, 106], [2468, 1548, 102, 156], [1326, 1540, 103, 136], [4470, 1491, 108, 90], [986, 1473, 114, 112], [3532, 895, 105, 172], [2298, 881, 70, 139], [3063, 816, 142, 148], [1267, 786, 121, 78], [4370, 759, 93, 127], [4951, 468, 67, 75], [4683, 347, 87, 112]]
[[3683, 1780, 123, 120], [1921, 1705, 96, 106], [4372, 1593, 132, 108], [2564, 1497, 141, 102], [1486, 1434, 118, 129], [3414, 1354, 90, 79], [3784, 1208, 91, 57], [4270, 915, 97, 105], [3485, 770, 103, 139], [2247, 668, 117, 141], [1028, 489, 139, 100], [4945, 413, 84, 120]]
[[2056, 1643, 123, 153], [4252, 1643, 78, 115], [4886, 1529, 145, 73], [3258, 1442, 126, 84], [2446, 1324, 84, 103], [4443, 800, 115, 151], [2379, 660, 109, 163], [3424, 601, 102, 156], [4805, 520, 99, 85], [945, 270, 108, 106]]
[[2704, 2125, 106, 61], [3400, 1886, 78, 87], [4400, 1825, 87, 94], [3247, 1440, 106, 78], [3136, 926, 103, 99], [2114, 849, 132, 114], [2016, 804, 141, 94], [1105, 721, 135, 114], [4178, 533, 180, 123]]
[[3082, 2065, 120, 165], [3013, 1636, 69, 88], [3467, 1561, 102, 70], [4596, 1481, 88, 91], [1185, 1339, 147, 78], [2384, 916, 114, 70], [3108, 749, 144, 106], [4416, 521, 153, 120], [4484, 281, 136, 100]]
[[4046, 1806, 112, 72], [2151, 1450, 112, 93], [4426, 1380, 96, 70], [3590, 1367, 136, 100], [3165, 1253, 111, 162], [1408, 1234, 157, 79], [4799, 768, 94, 90], [2535, 637, 102, 144], [1073, 457, 160, 112]]
[[2648, 1951, 82, 64], [4186, 1875, 99, 76], [3332, 1566, 81, 94], [1373, 1492, 139, 94], [4023, 1356, 88, 109], [593, 1316, 121, 96], [3212, 809, 76, 96], [2919, 760, 135, 111], [1384, 213, 169, 109], [4673, 64, 139, 88]]
[[2854, 1864, 81, 120], [4393, 1808, 103, 112], [3265, 1421, 129, 102], [905, 909, 141, 109], [3279, 838, 91, 127], [1036, 823, 169, 114], [909, 347, 67, 94], [953, 291, 123, 114]]
[[4007, 2137, 64, 90], [1376, 1849, 102, 85], [3107, 1670, 85, 117], [2142, 1554, 129, 150], [3567, 1283, 111, 123], [3566, 994, 81, 91], [3316, 610, 127, 100], [1029, 256, 162, 156]]
[[1678, 1902, 52, 93], [3288, 1861, 160, 93], [1167, 1556, 102, 94], [808, 1489, 154, 114], [4489, 1282, 118, 151], [775, 1287, 124, 78], [3973, 952, 115, 105], [2303, 658, 151, 124], [3554, 601, 129, 129]]
[[4818, 2038, 123, 130], [1452, 1852, 124, 117], [2249, 1774, 132, 106], [3066, 1435, 153, 159], [3491, 1355, 153, 123], [1305, 920, 82, 88], [2266, 792, 123, 144], [4661, 643, 157, 171], [3645, 630, 76, 70], [993, 416, 130, 117], [4594, 389, 94, 94]]
[[2249, 1923, 100, 133], [1211, 1476, 142, 108], [3418, 1256, 151, 105], [1045, 1011, 102, 99], [2053, 805, 190, 136], [829, 730, 196, 129], [1202, 613, 111, 118], [966, 422, 163, 124], [4427, 119, 166, 132]]
[[3514, 2186, 96, 100], [2548, 1755, 145, 129], [4543, 1277, 120, 73], [3553, 1248, 112, 96], [1252, 1245, 94, 79], [4380, 728, 105, 133], [1270, 571, 81, 84]]
[[1184, 1937, 109, 87], [4634, 1761, 133, 108], [2112, 1487, 133, 106], [3678, 882, 189, 103], [4604, 328, 156, 139]]
[[1876, 2072, 156, 96], [1104, 1850, 108, 117], [3642, 1651, 139, 94], [1867, 1525, 126, 99], [1174, 913, 118, 102], [3116, 718, 112, 132], [3983, 647, 105, 72], [4657, 400, 106, 99], [1263, 275, 130, 96], [4537, 102, 141, 154]]
[[5276, 2187, 67, 88], [4622, 1890, 108, 66], [3519, 1728, 67, 105], [2083, 1727, 94, 99], [864, 1528, 105, 108], [2271, 808, 180, 144], [3190, 731, 112, 126], [1379, 600, 135, 153], [4610, 360, 73, 142], [4020, 241, 124, 118]]
[[639, 1777, 150, 138], [1261, 1738, 130, 93], [2038, 1535, 109, 145], [3642, 1304, 106, 102], [3721, 1215, 130, 121], [1853, 843, 136, 124], [3483, 787, 102, 94], [784, 693, 124, 78], [4360, 548, 126, 69], [1132, 305, 133, 114]]
[[2384, 1842, 67, 130], [1723, 1348, 87, 111], [3433, 1308, 117, 105], [3077, 1287, 154, 169], [2387, 1296, 94, 115], [1928, 1290, 69, 76], [3232, 818, 127, 84], [4650, 286, 93, 55], [4775, 0, 111, 139]]
[[4767, 2085, 111, 94], [1702, 2063, 112, 141], [3972, 1610, 100, 87], [1841, 1490, 118, 79], [2270, 1470, 115, 109], [3516, 1446, 138, 78], [4227, 849, 112, 99], [3235, 773, 127, 70]]
[[3718, 1907, 117, 144], [2136, 1722, 100, 64], [879, 1417, 132, 129], [1925, 1276, 118, 120], [2085, 640, 81, 70], [4546, 532, 145, 180], [4007, 267, 145, 162]]
[[4677, 1847, 100, 66], [1462, 1689, 87, 151], [1321, 1581, 142, 147], [876, 1471, 169, 105], [3263, 1462, 63, 84], [2046, 765, 148, 102], [4253, 699, 105, 103], [3392, 613, 154, 163], [1068, 288, 129, 126]]
[[4652, 1540, 70, 103], [2337, 1378, 135, 150], [3049, 1379, 90, 127], [2909, 1333, 112, 159], [4716, 1170, 114, 64], [4858, 838, 90, 156], [1775, 700, 124, 103]]
[[932, 1624, 97, 106], [4503, 1198, 138, 175], [4081, 851, 157, 100], [1706, 797, 141, 126], [1405, 206, 150, 141]]
[[4283, 1664, 150, 78], [1039, 1655, 112, 88], [3520, 1274, 157, 87], [3314, 944, 97, 94], [1073, 689, 99, 138], [4267, 584, 114, 171]]
[[4182, 1977, 124, 163], [2149, 1720, 132, 115], [3176, 1603, 135, 106], [4508, 1522, 88, 67], [1156, 1260, 208, 115], [4487, 784, 64, 73], [3252, 733, 67, 81], [4859, 583, 70, 85]]
[[2190, 1959, 130, 109], [3358, 1732, 111, 139], [1873, 1647, 99, 99], [1173, 1280, 133, 151], [1001, 731, 106, 96], [3163, 610, 150, 135], [1305, 564, 87, 87], [4517, 375, 135, 88]]
[[1981, 1697, 120, 112], [1180, 1642, 145, 115], [3573, 1557, 127, 91], [3196, 1484, 114, 138], [2545, 1285, 103, 106], [4565, 1165, 120, 154], [4815, 706, 132, 106], [4874, 420, 66, 130]]
[[802, 2016, 133, 144], [2497, 1754, 147, 175], [3237, 1606, 76, 130], [2199, 1584, 99, 132], [4669, 1580, 75, 100], [2934, 1542, 174, 94], [1820, 1276, 175, 132], [1341, 849, 109, 148], [1981, 707, 127, 165], [4213, 691, 132, 147]]
[[3214, 1456, 105, 130], [1231, 1428, 115, 103], [2209, 1402, 127, 87], [4405, 1334, 100, 117], [4274, 699, 88, 127], [1044, 625, 79, 136]]
[[3980, 1561, 105, 93], [1898, 1547, 124, 112], [4828, 1206, 85, 100], [4006, 793, 109, 81], [3733, 514, 109, 99]]
[[5255, 1814, 94, 127], [1061, 1527, 154, 147], [5351, 1348, 135, 111], [4076, 261, 114, 112], [4640, 53, 100, 94]]
[[3968, 1912, 120, 115], [2497, 1798, 88, 82], [1954, 1191, 148, 109], [5182, 990, 147, 141], [2402, 688, 166, 121], [1174, 627, 118, 121], [4709, 513, 123, 99], [545, 82, 96, 55]]
[[2414, 1460, 114, 112], [4546, 1229, 99, 150], [3601, 760, 106, 127], [4472, 446, 126, 109], [722, 200, 123, 124]]
[[2238, 1610, 132, 132], [968, 1547, 105, 91], [4027, 1496, 120, 154], [3581, 1189, 129, 70], [4419, 782, 133, 84], [4390, 408, 142, 87], [4143, 39, 133, 120]]
[[2175, 1612, 117, 84], [2220, 1359, 111, 100], [4414, 1330, 88, 111], [3268, 1309, 117, 93], [855, 1203, 106, 57], [2344, 734, 126, 144], [3355, 725, 154, 118], [1316, 633, 133, 124], [4475, 477, 121, 94]]
[[4127, 1667, 126, 97], [4892, 1573, 135, 135], [3278, 1525, 82, 94], [4696, 1389, 78, 141], [2004, 1306, 103, 87], [4625, 870, 78, 87], [4713, 810, 133, 127]]
[[4158, 2091, 76, 78], [4926, 1849, 66, 90], [2183, 1600, 106, 136], [4544, 1485, 87, 84], [1211, 1373, 153, 126], [1939, 720, 112, 100], [4499, 717, 132, 75], [1329, 451, 112, 154], [4105, 247, 109, 147]]
[[671, 2009, 120, 60], [1229, 1902, 138, 120], [911, 1781, 108, 76], [2511, 1642, 150, 111], [3611, 1607, 145, 115], [650, 1322, 132, 115], [3341, 967, 147, 87], [1959, 732, 157, 160], [4903, 445, 172, 153]]
[[4472, 1253, 91, 117], [4685, 958, 78, 96], [3195, 688, 135, 78], [4592, 220, 96, 151]]
[[4791, 1737, 102, 102], [3091, 1263, 147, 106], [1115, 459, 147, 138]]
[[4777, 1904, 84, 132], [3387, 1762, 114, 108], [2459, 1440, 120, 103], [1049, 1172, 108, 63], [918, 891, 145, 153], [3276, 832, 84, 115], [4782, 736, 91, 124], [1030, 628, 85, 100], [2291, 597, 123, 130], [807, 380, 133, 118]]
[[2310, 1777, 139, 124], [1088, 1773, 121, 108], [3863, 1681, 145, 82], [690, 1532, 157, 108], [3644, 1522, 118, 142], [2436, 1304, 97, 135], [1299, 781, 147, 163], [4506, 626, 148, 88], [1748, 222, 88, 142], [4113, 102, 115, 121]]
[[1124, 1594, 124, 103], [2020, 1485, 111, 66], [3159, 1422, 142, 127], [4628, 1340, 112, 112], [2174, 859, 109, 139], [3534, 715, 141, 112], [4656, 669, 82, 76], [1254, 631, 118, 123]]
[[5442, 1957, 94, 121], [782, 1894, 135, 70], [3340, 1799, 90, 82], [1140, 1658, 120, 102], [2321, 1504, 97, 63], [1302, 769, 118, 111], [4365, 21, 214, 120]]
[[2479, 1836, 72, 73], [1303, 1554, 81, 115], [3640, 1416, 90, 126], [4686, 1306, 121, 96], [2184, 823, 115, 81], [1205, 779, 118, 69], [4133, 720, 103, 93], [3725, 677, 99, 120], [4555, 69, 172, 111]]
[[4483, 2113, 120, 114], [2421, 1499, 76, 57], [2598, 1486, 69, 73], [2023, 1208, 144, 145], [4827, 1179, 105, 126], [970, 809, 112, 135], [3783, 735, 126, 165], [2926, 648, 141, 127]]
[[3602, 1993, 136, 124], [3284, 1926, 141, 117], [714, 1799, 124, 100], [5018, 1760, 82, 108], [784, 1653, 163, 117], [1437, 1630, 159, 151], [3605, 1581, 136, 133], [2689, 1510, 141, 117], [4479, 1369, 135, 183], [4795, 1342, 100, 90], [866, 1269, 118, 111], [3902, 1245, 127, 150], [3019, 1234, 109, 109], [3153, 1227, 97, 106], [930, 1019, 138, 85], [2998, 839, 141, 84], [4418, 769, 121, 118]]
[[2803, 2031, 144, 81], [3101, 1504, 147, 115], [4442, 1222, 105, 141], [1243, 849, 147, 82], [2171, 693, 186, 147], [4592, 547, 120, 91], [5571, 523, 100, 108], [3910, 240, 97, 132]]
[[4240, 2149, 114, 108], [4551, 2075, 82, 76], [3638, 1740, 147, 87], [2983, 1517, 99, 118], [2205, 1461, 154, 109], [3565, 862, 105, 75]]
[[951, 2183, 156, 121], [3651, 1798, 138, 82], [4777, 1770, 73, 126], [1964, 990, 129, 103], [2404, 993, 105, 84], [1253, 859, 91, 106], [3533, 753, 144, 112], [5762, 307, 117, 133]]
[[1409, 1970, 105, 79], [3250, 1642, 159, 139], [2573, 910, 106, 109], [1278, 841, 85, 115], [4620, 462, 153, 121], [811, 414, 153, 105], [4058, 247, 70, 61]]
[[3323, 2051, 127, 75], [5066, 1847, 94, 141], [2583, 1353, 121, 99], [4300, 993, 157, 136], [1335, 744, 105, 118], [4670, 516, 96, 60]]
[[4426, 2171, 94, 105], [2252, 1753, 100, 99], [986, 1728, 112, 66], [3505, 1394, 87, 133], [1038, 940, 147, 141], [1454, 833, 163, 129], [3769, 669, 135, 85], [4635, 493, 96, 73], [1472, 400, 100, 115]]
[[2681, 1846, 130, 109], [3399, 1822, 130, 93], [259, 1671, 91, 88], [4474, 1624, 132, 142], [888, 1559, 150, 79], [2325, 960, 135, 166], [1136, 685, 126, 130], [1355, 452, 96, 99], [4553, 411, 97, 55]]
[[1164, 1696, 73, 78], [3400, 1067, 105, 136], [1277, 776, 142, 159]]
[[3037, 1968, 57, 105], [4238, 1765, 142, 75], [965, 1581, 159, 103], [2068, 1002, 76, 82], [2718, 973, 169, 156], [1240, 606, 93, 58]]
[[1486, 2168, 165, 88], [4250, 1929, 90, 64], [664, 1330, 138, 82], [1824, 769, 58, 73], [2836, 749, 84, 63], [5136, 523, 129, 96]]
[[3368, 2119, 130, 96], [1255, 1690, 91, 118], [3111, 734, 88, 97], [974, 636, 160, 99]]
[[4471, 1985, 127, 73], [1260, 1801, 160, 87], [2305, 1747, 87, 118], [4988, 969, 166, 153], [2389, 869, 90, 138], [3628, 707, 142, 133], [3998, 703, 109, 87]]
[[3734, 1874, 144, 120], [1343, 1658, 138, 72], [1850, 1378, 124, 115], [2458, 1068, 109, 99], [3304, 990, 141, 81]]
[[2470, 2129, 97, 87], [1187, 1929, 166, 99], [1948, 1394, 204, 132], [3961, 1376, 93, 121], [2286, 898, 97, 115]]
[[1830, 2216, 139, 105], [1858, 1869, 130, 85], [3709, 1644, 103, 120], [3119, 1414, 69, 121], [2299, 1323, 100, 79], [4044, 822, 99, 118]]
[[797, 2123, 114, 90], [4836, 1682, 142, 159], [4557, 1583, 172, 94], [1270, 752, 168, 124], [4388, 705, 120, 69]]
[[3256, 2291, 97, 51], [2265, 1697, 147, 148], [3423, 1526, 108, 87], [4848, 1415, 79, 82], [4947, 1161, 135, 90], [1080, 594, 165, 132], [3934, 476, 90, 73]]
[[2609, 1899, 130, 97], [2998, 1374, 129, 103], [2617, 932, 127, 121], [761, 639, 178, 109]]
[[3788, 2080, 85, 126], [4588, 2026, 133, 132], [1297, 1975, 136, 114], [1159, 1760, 141, 99], [4797, 1740, 90, 87], [2048, 1381, 100, 132], [3642, 1358, 87, 85], [3050, 1327, 135, 117], [4214, 512, 129, 112], [4359, 467, 88, 144], [4761, 142, 172, 120]]
[[3282, 1910, 72, 126], [1410, 1543, 118, 130], [3726, 1036, 150, 109], [3439, 966, 103, 54], [2536, 876, 67, 111], [3211, 710, 127, 123]]
[[2077, 1802, 162, 124], [3276, 1727, 120, 67], [2298, 1336, 63, 118], [4802, 1302, 88, 112], [4307, 778, 123, 159]]
[[4480, 2082, 84, 94], [3218, 1891, 117, 76], [3077, 1712, 156, 85], [4569, 1372, 184, 154], [926, 884, 151, 109]]
[[1857, 2024, 91, 84], [3558, 874, 135, 82], [1069, 778, 115, 124], [5598, 742, 106, 103]]
[[1868, 1987, 106, 93], [1523, 1848, 132, 103], [3206, 1549, 102, 121], [3103, 1476, 100, 96], [1283, 962, 163, 118], [3695, 872, 123, 94], [1360, 844, 168, 114], [4633, 584, 114, 57], [1517, 484, 157, 103]]
[[4264, 2141, 156, 114], [5448, 1947, 130, 109], [1833, 1688, 178, 112], [1498, 805, 132, 79], [4627, 377, 115, 121]]
[[3617, 1810, 126, 70], [4715, 1479, 91, 102], [3285, 1349, 85, 117], [3628, 750, 81, 108], [4739, 654, 85, 118]]
[[2817, 2176, 63, 91], [1165, 1522, 136, 142], [2669, 1493, 112, 84], [5545, 1463, 181, 154], [1427, 1364, 160, 94], [3315, 972, 138, 171], [2173, 829, 117, 90], [1105, 318, 138, 84]]
[[4784, 1777, 94, 106], [2695, 1749, 94, 82], [2107, 1725, 142, 156], [3579, 1556, 85, 124], [1028, 1480, 106, 91], [2621, 809, 111, 132], [2185, 784, 70, 114], [3465, 753, 126, 96], [1096, 743, 192, 117], [4311, 726, 172, 147]]
[[1994, 1845, 70, 106], [1226, 1787, 88, 49], [997, 1517, 111, 121], [3355, 1453, 115, 97], [696, 362, 120, 91], [4953, 161, 57, 81]]
[[1774, 1921, 85, 138], [2406, 1749, 100, 97], [3206, 1476, 100, 123], [2420, 847, 87, 111], [1004, 710, 183, 114], [3659, 693, 123, 96], [4396, 571, 64, 85], [4898, 481, 106, 76]]
[[797, 2079, 144, 93], [1594, 1450, 82, 141], [4758, 740, 87, 91], [1200, 734, 181, 130], [1190, 407, 153, 102]]
[[3203, 2071, 115, 96], [2044, 1618, 88, 117], [1141, 1374, 112, 94], [3777, 1095, 91, 115], [3194, 909, 85, 157], [4789, 788, 138, 130], [3816, 757, 90, 103]]
[[4346, 2072, 123, 72], [4287, 1740, 70, 118], [3845, 1702, 127, 141], [2493, 1692, 154, 100], [1435, 1597, 99, 90], [2157, 1495, 114, 126], [2103, 983, 154, 82], [4898, 695, 96, 103]]
[[1342, 1587, 103, 60], [4860, 1559, 115, 58], [1774, 1528, 112, 123], [4255, 985, 127, 75], [1808, 803, 96, 127], [801, 707, 163, 90], [4700, 158, 133, 105]]
[[3245, 1952, 141, 84], [1974, 1704, 183, 112], [3032, 1393, 126, 109], [957, 973, 163, 88], [1875, 925, 106, 103], [770, 916, 132, 133], [3663, 817, 123, 112]]
[[4522, 1944, 190, 127], [1121, 1615, 67, 99], [4583, 1473, 96, 115], [1192, 879, 100, 112], [2463, 739, 73, 109], [1093, 445, 193, 111], [4808, 340, 105, 114]]
[[4935, 2158, 96, 97], [1032, 1992, 108, 103], [2377, 1608, 127, 76], [1549, 1020, 111, 76], [2452, 927, 121, 112], [1349, 903, 117, 76], [4630, 867, 84, 108], [1067, 507, 127, 114]]
[[2799, 2126, 109, 73], [4560, 2099, 67, 84], [4678, 1982, 187, 138], [3220, 1632, 118, 135], [3349, 1230, 88, 99], [3391, 686, 148, 99], [5696, 677, 94, 70], [5054, 598, 84, 79]]
[[3723, 2087, 118, 84], [1289, 1548, 118, 138], [4361, 1334, 124, 126], [4897, 1289, 102, 132], [3131, 863, 120, 81], [2553, 843, 124, 115], [1372, 30, 108, 99], [1000, 31, 145, 82]]
[[2887, 2088, 130, 85], [4554, 1683, 115, 111], [109, 1626, 91, 63], [2380, 1582, 175, 108], [4248, 1564, 117, 69], [3350, 1465, 96, 96], [594, 750, 189, 121], [1509, 157, 169, 133], [5081, 30, 91, 114]]
[[1004, 1869, 157, 120], [3660, 1766, 111, 70], [993, 1605, 126, 154], [2048, 1476, 88, 93], [3279, 954, 96, 124], [1380, 588, 148, 129], [4620, 501, 105, 114], [842, 228, 109, 100]]
[[1308, 1825, 160, 82], [4527, 1751, 87, 90], [3882, 1690, 99, 106], [1023, 682, 177, 91]]
[[897, 2202, 127, 70], [3579, 2166, 61, 85], [1063, 2052, 163, 91], [4589, 1723, 108, 115], [4385, 1506, 159, 136]]
[[2286, 2054, 135, 138], [3259, 1974, 133, 109], [1178, 1837, 127, 106], [2383, 1571, 138, 84], [1390, 1189, 135, 72], [3781, 951, 103, 76], [5045, 247, 102, 112], [766, 233, 165, 99]]
[[2316, 1709, 148, 136], [1417, 1687, 150, 115], [3519, 1637, 114, 69], [1305, 1418, 91, 97], [3423, 875, 121, 138], [1427, 796, 129, 114], [1798, 752, 153, 120]]
[[3402, 1662, 114, 100], [4397, 650, 129, 102], [3055, 624, 93, 99], [2246, 582, 111, 139], [3659, 580, 153, 79], [4599, 330, 183, 124], [866, 200, 141, 81]]
[[4508, 1984, 120, 81], [3397, 1935, 147, 132], [3879, 1923, 91, 114], [1378, 1852, 162, 115], [4445, 1701, 99, 126], [1448, 1540, 88, 103], [2499, 957, 94, 73], [4497, 889, 88, 52], [3308, 780, 88, 87], [787, 692, 163, 97], [1474, 668, 112, 130], [1271, 418, 91, 106]]
[[1372, 1573, 112, 73], [4331, 1546, 72, 100], [3526, 1469, 85, 97], [2510, 1461, 111, 124], [4613, 860, 97, 93], [2363, 761, 127, 117], [3511, 757, 100, 96], [4620, 727, 61, 61], [1300, 574, 141, 133], [3928, 487, 72, 102], [4825, 239, 108, 96]]
[[2300, 1600, 81, 91], [1123, 806, 141, 138], [2768, 776, 76, 124], [886, 477, 147, 91], [1473, 468, 79, 111]]
[[1225, 2143, 156, 105], [5468, 1528, 139, 106], [4693, 1396, 87, 85], [1904, 1363, 121, 102], [4394, 1356, 112, 63], [2762, 1290, 94, 132], [4439, 645, 100, 127], [4489, 424, 153, 124], [1012, 355, 124, 96]]
[[4938, 2145, 121, 85], [853, 1828, 127, 69], [4386, 826, 145, 157], [1327, 346, 153, 130]]
[[4561, 2186, 94, 55], [2157, 2000, 102, 88], [3650, 1912, 88, 136], [4956, 1823, 84, 90], [3178, 1456, 109, 126], [3507, 1420, 91, 118], [3243, 894, 111, 60], [4376, 870, 96, 169], [5752, 825, 102, 75], [2625, 793, 97, 57], [1329, 376, 75, 72]]
[[1291, 2123, 153, 82], [4137, 2072, 82, 118], [3632, 1840, 114, 117], [5018, 1692, 75, 117], [4554, 1620, 58, 88], [1568, 1485, 96, 54], [4973, 1087, 112, 94], [4440, 778, 175, 100], [3299, 741, 127, 76]]
[[4517, 2214, 118, 81], [3613, 1969, 115, 85], [1947, 1867, 112, 123], [4818, 1103, 142, 91], [2119, 947, 144, 76], [1091, 724, 106, 60], [4473, 527, 99, 123], [1316, 188, 159, 118]]
[[897, 1761, 121, 84], [3242, 1704, 129, 105], [2446, 1677, 141, 75], [865, 1588, 87, 73], [3273, 1103, 136, 70], [4770, 998, 97, 76], [954, 933, 157, 94]]
[[2781, 1994, 75, 85], [1513, 1740, 166, 142], [1309, 1557, 136, 174], [1206, 1018, 148, 105], [784, 695, 120, 102], [4444, 493, 91, 130]]
[[5456, 2278, 64, 81], [931, 2106, 156, 105], [1798, 1906, 142, 175], [5021, 1888, 94, 84], [3342, 1656, 109, 138], [1336, 1647, 120, 85], [4412, 972, 85, 91], [2375, 855, 183, 142], [1386, 794, 163, 103]]
[[1318, 2160, 153, 118], [4549, 2008, 99, 132], [3281, 1958, 153, 93], [3585, 1825, 118, 162], [3378, 730, 186, 130], [777, 574, 103, 136], [927, 172, 139, 132]]
[[3842, 2234, 69, 97], [3423, 2093, 135, 91], [2094, 1871, 99, 87], [1162, 1505, 118, 82], [4196, 1024, 124, 118], [2483, 939, 105, 96], [879, 630, 124, 139]]
[[2394, 2051, 142, 84], [3456, 1438, 105, 117], [2166, 849, 166, 84], [4358, 715, 127, 94], [4878, 626, 121, 93]]
[[2110, 1877, 151, 142], [4428, 1674, 94, 114], [3170, 1629, 117, 114], [1574, 1355, 96, 70], [2312, 1307, 94, 123], [3299, 701, 139, 162], [4684, 416, 139, 78]]
[[3383, 1690, 132, 105], [4498, 1683, 97, 132], [3516, 1074, 102, 87], [879, 894, 178, 94], [4548, 839, 117, 115], [2361, 717, 139, 121]]
[[1076, 2039, 130, 87], [5619, 1666, 133, 139], [1067, 1602, 150, 96], [5561, 1297, 141, 121], [2615, 915, 130, 99], [4172, 623, 147, 76]]
[[887, 2002, 121, 81], [2971, 1555, 76, 73], [3443, 1543, 115, 136], [4210, 1538, 160, 112], [3197, 1440, 123, 87], [3805, 848, 127, 169], [4771, 164, 145, 109], [895, 150, 163, 88]]
[[3512, 2195, 142, 91], [4368, 1831, 88, 100], [2268, 1780, 138, 142], [3374, 1329, 171, 103], [4193, 1040, 135, 132], [1503, 1014, 159, 112], [2386, 752, 165, 141], [1498, 519, 133, 127], [4470, 439, 115, 123]]
[[2044, 2189, 109, 70], [849, 1887, 135, 99], [4711, 1490, 151, 91], [5518, 1014, 96, 145], [4275, 994, 55, 109], [1124, 899, 126, 90]]
[[1884, 2034, 106, 82], [656, 1995, 91, 70], [2209, 1387, 78, 112], [4923, 1294, 108, 105], [4928, 1102, 132, 70], [1067, 679, 148, 81]]
[[5042, 2139, 103, 73], [3049, 2036, 120, 121], [3649, 1614, 93, 117], [3760, 1560, 144, 72], [4636, 1411, 96, 133], [2488, 846, 112, 79], [3524, 791, 148, 153], [4418, 530, 115, 76]]
[[3666, 1954, 73, 103], [1096, 1639, 153, 94], [4439, 1584, 97, 130], [3325, 1444, 96, 79], [2691, 885, 150, 84], [2160, 873, 120, 147], [1272, 789, 96, 124]]
[[896, 2116, 133, 70], [3312, 2044, 85, 121], [4331, 1750, 105, 72], [775, 1048, 147, 91], [1948, 969, 163, 111], [3685, 844, 103, 99]]
[[3387, 1789, 111, 84], [2316, 1601, 147, 91], [1478, 940, 139, 87]]
[[3326, 1764, 120, 94], [1343, 1452, 126, 135], [990, 1008, 151, 160], [2613, 910, 127, 111], [4190, 906, 150, 105], [1288, 640, 141, 79], [4540, 161, 58, 108]]
[[1951, 1982, 103, 154], [4300, 1555, 145, 141], [2413, 1373, 181, 112], [2316, 1321, 142, 138], [2025, 1075, 106, 111], [4187, 650, 132, 144], [4524, 199, 85, 96]]
[[1169, 1529, 127, 166], [788, 1440, 94, 124], [5072, 1133, 51, 94], [4117, 411, 105, 123]]
[[1038, 2056, 106, 133], [2309, 1888, 145, 130], [2569, 1724, 165, 108], [2428, 1447, 129, 117], [3774, 1005, 103, 142], [2639, 834, 144, 138], [2972, 833, 138, 138], [1734, 622, 78, 130]]
[[5608, 2362, 175, 126], [4697, 2282, 129, 88], [1031, 1846, 115, 106], [2208, 1721, 90, 111], [4406, 1690, 181, 114], [1325, 1582, 72, 85], [1479, 1573, 70, 126], [2046, 982, 150, 144]]
[[798, 2122, 133, 93], [750, 2054, 82, 96], [4672, 1478, 151, 120], [3146, 1320, 138, 121], [4708, 511, 153, 109], [4305, 211, 78, 123]]
[[3307, 2005, 127, 160], [2945, 1914, 103, 130], [4849, 1867, 82, 96], [1931, 1688, 132, 160], [3367, 1616, 163, 130], [802, 1549, 84, 69], [1468, 804, 142, 90], [825, 674, 72, 103], [4632, 599, 126, 156]]
[[975, 1894, 160, 97], [2215, 1845, 94, 129], [2484, 1626, 88, 76], [4241, 1532, 90, 105], [4622, 1151, 90, 105], [2617, 973, 121, 136], [2059, 830, 79, 87], [5058, 742, 61, 79], [1132, 322, 97, 136]]
[[791, 1789, 106, 130], [2375, 1747, 106, 139], [1290, 1596, 130, 78], [2071, 969, 136, 102], [3848, 967, 127, 67], [3378, 875, 94, 97], [4504, 426, 78, 88], [979, 371, 72, 91]]
[[2090, 2054, 135, 117], [3091, 1675, 141, 84], [1820, 1581, 195, 118], [1274, 1543, 129, 172], [2416, 1516, 114, 139], [4344, 1411, 151, 111]]
[[3198, 2105, 130, 144], [1294, 1988, 138, 102], [723, 1841, 127, 90], [3485, 1606, 102, 126], [4469, 1537, 126, 91], [2203, 1515, 163, 85], [4371, 945, 141, 103], [1204, 707, 133, 84]]
[[1736, 2226, 141, 85], [917, 2194, 112, 87], [2460, 1851, 115, 111], [4953, 1752, 84, 141], [1294, 1461, 186, 105], [2370, 893, 133, 156], [3036, 852, 99, 132], [1181, 715, 142, 151]]
[[4601, 2282, 181, 106], [2093, 2010, 145, 82], [862, 1612, 91, 115], [4340, 1496, 162, 163], [2014, 873, 160, 130], [3225, 857, 124, 63], [913, 329, 55, 109], [1432, 324, 141, 117], [3872, 306, 102, 84]]
[[3360, 1359, 115, 84], [5695, 1079, 126, 135], [1031, 1002, 127, 121], [831, 679, 124, 85]]
[[4170, 2266, 145, 151], [3246, 2225, 118, 108], [4739, 2128, 106, 115], [3054, 1969, 115, 147], [1407, 1789, 106, 165], [1110, 1547, 109, 99], [5674, 1099, 88, 79]]
[[2300, 2147, 100, 117], [1167, 1916, 105, 105], [1937, 1899, 100, 186], [4824, 1877, 102, 64], [5574, 1530, 150, 82], [1216, 1033, 165, 120], [2121, 933, 157, 115]]
[[4048, 2188, 108, 114], [1804, 1850, 109, 157], [2537, 1817, 108, 81], [1496, 1301, 103, 126], [1967, 731, 60, 109]]
[[2147, 2011, 136, 148], [3372, 1647, 109, 115], [1200, 1472, 157, 121], [4525, 450, 105, 148], [919, 203, 66, 105]]
[[2172, 2156, 112, 129], [3891, 2129, 72, 112], [1500, 2129, 90, 61], [166, 2093, 102, 52], [2088, 2033, 181, 100], [1769, 2018, 135, 162], [2210, 1825, 162, 111], [3142, 1775, 148, 96], [100, 1423, 94, 57], [807, 1404, 139, 129], [693, 1213, 108, 123], [98, 1030, 61, 66], [2932, 1004, 82, 90], [877, 985, 114, 64], [235, 973, 76, 70], [734, 830, 61, 100], [1472, 162, 159, 177], [5616, 25, 120, 108]]
[[3807, 2176, 153, 147], [4536, 1972, 102, 135], [811, 456, 69, 78]]
[[2706, 2148, 132, 94], [4240, 2135, 100, 63], [1791, 2046, 135, 120], [3293, 1834, 91, 76], [3728, 1512, 54, 96], [3067, 1459, 135, 103], [2214, 1309, 105, 139], [4263, 1132, 69, 69], [4524, 893, 87, 142], [4773, 377, 121, 61]]
[[4564, 2230, 118, 154], [899, 2048, 73, 120], [2548, 1975, 118, 124], [4184, 1364, 106, 94], [2899, 1120, 93, 81], [3318, 895, 90, 118], [4109, 790, 73, 100]]
[[2041, 1848, 91, 118], [4680, 1847, 160, 103], [3513, 1715, 76, 81], [1209, 1107, 138, 84], [1983, 820, 136, 81], [4505, 710, 75, 142], [841, 506, 115, 91], [1359, 253, 114, 138]]
[[1234, 1844, 118, 121], [3918, 1385, 109, 127], [949, 757, 61, 96], [4208, 365, 72, 82]]
[[619, 2196, 102, 121], [3153, 1774, 115, 117], [4509, 1737, 99, 153], [2433, 1652, 117, 118], [967, 1125, 105, 69], [784, 852, 66, 117], [2170, 779, 91, 139], [1454, 452, 111, 88]]
[[1238, 2026, 72, 100], [952, 1701, 115, 97], [2131, 920, 126, 135], [1456, 702, 141, 120], [546, 594, 130, 145], [766, 298, 111, 133], [1209, 140, 144, 144]]
[[3308, 2001, 136, 147], [1712, 1863, 154, 129], [1520, 985, 78, 151], [2622, 911, 103, 171], [1358, 901, 166, 156], [4472, 724, 87, 150], [4711, 634, 81, 141], [4346, 306, 84, 85]]
[[942, 2148, 121, 97], [2590, 2013, 102, 75], [2633, 1904, 136, 70], [2988, 1796, 94, 96], [4535, 1734, 132, 144], [2479, 1352, 96, 102], [3822, 369, 126, 126]]
[[1394, 2188, 135, 115], [3049, 2036, 72, 114], [207, 1926, 112, 127], [762, 1732, 85, 114], [3198, 1318, 78, 120], [3755, 1042, 145, 150]]
[[4894, 2233, 139, 102], [2602, 2216, 108, 135], [3487, 1889, 106, 172], [3720, 1728, 136, 118], [2114, 1710, 133, 109], [4945, 1419, 111, 99], [3113, 1378, 88, 46], [3690, 893, 175, 127], [4792, 696, 151, 120], [1211, 554, 129, 93], [4119, 440, 124, 184]]
[[331, 1793, 121, 91], [74, 1772, 148, 105], [1325, 1652, 166, 163], [1997, 1657, 153, 91], [1258, 1543, 93, 147], [203, 1397, 111, 120], [3273, 712, 96, 169], [86, 399, 163, 117]]
[[774, 2106, 115, 84], [2402, 2044, 120, 82], [3451, 1803, 112, 105], [1277, 1541, 177, 151], [4437, 1439, 66, 99], [3583, 1043, 142, 88], [3177, 946, 138, 84], [1968, 879, 72, 144], [1294, 715, 123, 136]]
[[3671, 2299, 151, 99], [4565, 1579, 117, 96], [2789, 1119, 94, 135], [248, 622, 114, 165], [3980, 606, 102, 102], [4910, 454, 84, 162], [153, 231, 127, 67]]
[[3732, 2225, 129, 142], [984, 2182, 154, 135], [1824, 1578, 73, 132], [5635, 1296, 120, 148], [3203, 1142, 150, 106], [948, 1129, 87, 127], [1999, 844, 72, 66]]
[[2290, 2268, 100, 127], [1132, 1491, 79, 135], [2684, 1448, 93, 88], [306, 1446, 144, 96], [3384, 1407, 135, 117], [2119, 921, 82, 126], [3104, 836, 132, 181], [1211, 480, 96, 130]]
[[2016, 2110, 171, 153], [973, 2064, 76, 121], [1969, 1802, 114, 148], [3392, 1709, 93, 91], [1173, 1607, 109, 66], [658, 1388, 141, 153], [3106, 934, 67, 81], [1311, 919, 70, 93], [1206, 575, 114, 70], [4870, 544, 93, 87]]
[[4171, 2221, 115, 132], [2469, 1883, 150, 118], [1298, 1604, 88, 120], [4608, 1553, 108, 157], [2501, 1508, 150, 163], [4545, 1509, 126, 117], [1209, 971, 127, 94], [4515, 833, 126, 123]]
[[2211, 1773, 85, 129], [4397, 1590, 102, 123], [1202, 1517, 100, 67], [3023, 1082, 93, 78], [3594, 919, 76, 97], [4514, 681, 58, 90], [1052, 634, 121, 100]]
[[722, 1775, 67, 87], [4582, 1678, 141, 100], [4640, 1362, 132, 183], [2553, 1037, 91, 87], [1522, 426, 70, 124], [939, 220, 73, 76]]
[[2963, 1872, 111, 109], [4519, 1555, 82, 109], [1497, 1409, 70, 81], [200, 1056, 136, 73], [152, 826, 120, 81], [874, 802, 93, 105]]
[[765, 1785, 118, 123], [4318, 1562, 136, 141], [4482, 821, 148, 112], [2442, 772, 75, 82], [4611, 463, 132, 81]]
[[862, 1998, 139, 133], [1223, 1415, 103, 103], [2121, 827, 129, 78], [3248, 776, 133, 156], [1053, 700, 102, 103], [2693, 694, 75, 126], [4056, 592, 144, 72], [1296, 150, 123, 94]]
[[3715, 1932, 112, 162], [914, 1620, 118, 67], [4645, 1579, 117, 76], [2742, 1426, 90, 46], [1579, 1421, 67, 78], [2630, 1001, 120, 145], [2122, 970, 87, 118], [4238, 874, 148, 159], [1410, 657, 142, 123]]
[[3085, 2131, 150, 157], [828, 1726, 121, 82], [1817, 1681, 97, 144], [849, 1443, 136, 99], [2639, 1134, 114, 79], [3084, 969, 123, 141], [1869, 857, 138, 73]]
[[1771, 1579, 199, 106], [4204, 1077, 135, 88], [2949, 747, 121, 177], [4273, 459, 129, 75], [4366, 323, 123, 186]]
[[824, 2017, 126, 99], [2440, 1936, 162, 139], [3310, 1744, 73, 127], [1822, 1535, 156, 136], [4301, 1450, 160, 144], [970, 1438, 112, 121], [146, 1331, 115, 97], [4930, 1052, 73, 69], [3214, 772, 186, 103], [1099, 363, 160, 99]]
[[4159, 2249, 127, 106], [2631, 2086, 67, 102], [4914, 1890, 93, 97], [3009, 1889, 163, 100], [3078, 1353, 138, 94], [1286, 889, 85, 105]]
[[1251, 2157, 106, 124], [4290, 1683, 153, 99], [3095, 1656, 148, 127], [2441, 1536, 75, 124], [46, 1036, 82, 102], [834, 598, 178, 114], [1136, 193, 109, 118]]
[[2197, 1620, 196, 109], [974, 1499, 99, 111], [3882, 1370, 58, 72], [1744, 854, 156, 136], [201, 689, 109, 81], [861, 439, 156, 84], [4900, 289, 87, 130]]
[[205, 2271, 96, 79], [1396, 1934, 93, 127], [838, 1578, 100, 84], [1243, 1057, 169, 115], [2253, 1005, 190, 115], [3296, 757, 93, 166]]
[[1540, 2271, 99, 90], [3522, 1066, 67, 100], [261, 1037, 111, 132], [41, 934, 61, 94], [287, 483, 88, 129], [1287, 415, 123, 129]]
[[2017, 2093, 102, 99], [3634, 2012, 144, 105], [2641, 1924, 88, 162], [4511, 1926, 111, 112], [3289, 1525, 136, 78], [2451, 838, 126, 111], [4554, 810, 135, 124]]
[[63, 1832, 75, 72], [2156, 1550, 90, 85], [3482, 1539, 121, 112], [2561, 1462, 106, 144], [84, 1316, 141, 78], [361, 1136, 70, 66], [234, 919, 106, 129], [1991, 818, 114, 103], [913, 819, 85, 90]]
[[4655, 1616, 139, 138], [2300, 1544, 147, 117], [1452, 1501, 115, 103], [3698, 1364, 141, 97], [1437, 1119, 91, 85], [2421, 823, 99, 123], [4668, 681, 129, 127]]
[[4791, 2075, 172, 112], [2535, 1771, 103, 133], [4328, 1771, 135, 99], [1884, 1444, 147, 111], [3748, 1109, 105, 99], [1211, 911, 81, 135], [4611, 827, 136, 111], [1318, 719, 85, 88], [642, 351, 88, 106]]
[[4117, 2183, 141, 88], [1201, 2000, 117, 130], [4272, 1945, 94, 166], [3355, 1875, 144, 166], [4734, 1822, 147, 189], [3667, 1735, 172, 154], [1419, 1350, 136, 84], [4707, 819, 87, 52]]
[[597, 2206, 64, 69], [3592, 1878, 150, 88], [2080, 1428, 111, 129], [756, 1291, 154, 91], [1898, 810, 67, 129], [2338, 798, 144, 108]]
[[3598, 1977, 103, 139], [3450, 1908, 102, 112], [2485, 1809, 85, 67], [2494, 1626, 112, 105], [4828, 574, 102, 133], [761, 558, 123, 142], [4758, 339, 85, 72]]
[[4249, 1661, 141, 90], [3315, 1609, 162, 127], [2056, 1507, 105, 165], [2525, 902, 123, 73], [3501, 803, 106, 148]]
[[4399, 1941, 148, 135], [609, 1731, 72, 87], [1382, 1457, 106, 123], [2606, 1417, 130, 151], [2927, 1055, 126, 112], [3644, 854, 103, 121], [316, 830, 94, 106], [311, 455, 105, 72], [1109, 403, 132, 70], [4757, 280, 154, 132], [1435, 252, 132, 90]]
[[1771, 2234, 87, 85], [1174, 1990, 76, 147], [2039, 1990, 87, 97], [714, 1962, 156, 93], [3384, 1523, 102, 129], [4129, 887, 147, 142], [2353, 859, 130, 79], [4882, 720, 79, 88], [1051, 591, 132, 73]]
[[814, 2002, 61, 100], [4374, 1924, 108, 96], [1864, 1877, 157, 108], [3511, 1821, 138, 106], [1746, 1708, 118, 108], [1315, 783, 84, 94], [3201, 736, 138, 130], [763, 505, 72, 52]]
[[2200, 1932, 142, 87], [1965, 891, 120, 94], [2122, 754, 117, 105], [4682, 705, 127, 93], [4411, 451, 148, 147], [570, 383, 85, 93], [4759, 232, 153, 135]]
[[3488, 2228, 151, 99], [3067, 1838, 142, 108], [2156, 1644, 147, 115], [1219, 1587, 127, 154], [4034, 1461, 78, 132], [1913, 1403, 126, 93], [4172, 797, 165, 121], [2156, 773, 138, 108], [1084, 592, 109, 202]]
[[1054, 1856, 55, 96], [1279, 1836, 138, 124], [3155, 1599, 124, 166], [4471, 1542, 151, 106], [4136, 1167, 58, 84], [4328, 1046, 120, 109], [2532, 730, 75, 61]]
[[1375, 1935, 133, 112], [1351, 1738, 127, 100], [4615, 1683, 81, 129], [4888, 1425, 97, 123], [2033, 919, 114, 64], [1107, 871, 90, 135], [1024, 461, 64, 109], [1195, 358, 159, 118], [945, 245, 85, 88]]
[[888, 2080, 105, 135], [2103, 2007, 120, 121], [3646, 1870, 121, 118], [4550, 1800, 103, 115], [3453, 1004, 135, 96], [1186, 651, 120, 129]]
[[1953, 1790, 133, 88], [3890, 1771, 93, 154], [2423, 1649, 138, 126], [133, 1482, 94, 55], [4173, 1062, 114, 82], [4354, 781, 123, 100], [1036, 579, 96, 117], [4786, 234, 129, 105]]
[[2432, 2082, 141, 169], [2918, 2051, 112, 159], [3590, 1627, 133, 129], [2638, 1403, 84, 150], [721, 492, 57, 76]]
[[4283, 1527, 111, 108], [2512, 1480, 124, 133], [3112, 1310, 126, 123], [4428, 858, 154, 160]]
[[2508, 1895, 166, 145], [50, 1840, 87, 85], [254, 1731, 69, 76], [2244, 1576, 141, 151], [318, 166, 61, 61]]
[[5669, 1137, 70, 96], [5644, 1028, 123, 118], [4956, 727, 165, 145], [4474, 629, 90, 126]]
[[4787, 2076, 139, 163], [3689, 1739, 66, 96], [4422, 1434, 135, 81], [4796, 978, 111, 133], [4984, 788, 91, 132], [3980, 214, 88, 108]]
[[3219, 1978, 144, 108], [1011, 1881, 82, 102], [3389, 1766, 105, 177], [2645, 1588, 109, 69], [3377, 1458, 79, 135], [75, 259, 93, 76]]
[[2228, 2157, 135, 81], [4524, 1930, 85, 90], [1370, 1448, 100, 141], [5032, 838, 141, 118], [2380, 824, 109, 94], [4479, 757, 118, 162]]
[[3537, 1972, 148, 136], [2054, 1887, 121, 142], [2311, 1881, 70, 96], [4532, 1455, 109, 114], [1924, 964, 135, 72]]
[[5731, 1611, 91, 96], [3965, 1505, 90, 133], [1367, 1440, 166, 102], [1121, 842, 85, 123], [3385, 782, 175, 109], [1047, 451, 120, 124]]
[[2125, 2135, 177, 156], [2132, 1503, 105, 109], [2643, 875, 133, 81]]
[[3108, 2165, 118, 87], [1268, 1920, 90, 142], [3455, 1624, 142, 150], [1380, 1580, 99, 121], [4400, 1012, 127, 100], [3546, 785, 96, 115], [3925, 767, 120, 181], [1123, 750, 141, 138]]
[[3163, 1698, 156, 135], [4263, 1405, 103, 141], [2351, 632, 108, 121], [4369, 436, 93, 133]]
[[4599, 1888, 112, 145], [849, 1120, 93, 75], [1365, 1008, 142, 121], [4351, 785, 102, 132], [3651, 772, 154, 177], [1771, 589, 82, 112], [1219, 284, 73, 100]]
[[4364, 2023, 106, 103], [4181, 2015, 156, 135], [3623, 1806, 88, 94], [4561, 1667, 70, 124], [954, 1453, 141, 87], [4299, 1011, 85, 96], [4711, 682, 64, 111]]
[[2577, 2193, 135, 112], [4794, 1835, 109, 145], [5007, 1731, 145, 138], [2044, 1471, 156, 141], [3168, 968, 82, 147], [4521, 939, 88, 91]]
[[5023, 1869, 111, 115], [1480, 1470, 61, 115], [942, 1464, 111, 109], [4551, 1412, 127, 178], [2146, 1364, 58, 102], [1962, 1008, 97, 103], [4455, 260, 105, 117]]
[[3493, 1955, 94, 109], [4657, 1825, 108, 109], [2262, 1741, 166, 102], [1162, 1138, 114, 72], [3599, 965, 127, 133], [2495, 819, 103, 169]]
[[2061, 2037, 118, 76], [2488, 1596, 97, 94], [5597, 1404, 153, 124], [5697, 1332, 153, 102], [1447, 740, 177, 109], [4265, 512, 66, 114]]
[[5005, 2052, 171, 153], [4430, 2054, 108, 121], [3616, 1902, 153, 147], [4673, 1587, 105, 115], [3128, 1566, 73, 103], [3967, 1383, 66, 76], [4779, 1003, 106, 112], [4964, 605, 85, 103]]
[[345, 2135, 91, 100], [3489, 1962, 124, 118]]
[[2160, 1993, 84, 153], [1822, 1884, 114, 118], [4554, 1725, 151, 133], [1464, 736, 175, 145]]
[[2450, 2125, 117, 99], [2174, 1752, 67, 99], [4604, 985, 105, 115], [3650, 970, 145, 130], [4196, 689, 84, 99]]
[[1273, 1844, 115, 141], [3649, 1756, 145, 153], [4285, 941, 111, 106], [1006, 896, 84, 118], [3178, 885, 60, 94]]
[[4962, 1422, 106, 111], [1521, 1010, 84, 99], [4381, 1015, 109, 64], [3208, 797, 162, 111], [822, 773, 126, 79], [4857, 695, 126, 103], [4830, 262, 139, 175]]
[[1344, 1805, 105, 151], [3508, 1719, 133, 124], [1337, 502, 109, 189], [1339, 379, 82, 82], [1065, 217, 103, 138]]
[[4349, 1710, 124, 108], [1869, 1673, 132, 100], [2556, 1337, 112, 147], [1257, 825, 76, 100]]
[[5532, 2313, 93, 69], [2689, 2090, 120, 78], [4727, 2073, 118, 120], [5043, 2078, 87, 52], [4454, 1905, 135, 76], [4287, 1837, 94, 160], [4881, 1824, 115, 214], [1918, 1677, 75, 126], [5542, 1642, 160, 124], [3869, 1017, 102, 55], [3095, 992, 109, 79], [5690, 981, 100, 133], [4378, 982, 112, 121], [4856, 860, 100, 100], [5668, 759, 111, 126], [2940, 713, 60, 103], [5549, 679, 135, 78], [4416, 460, 126, 81], [4689, 226, 166, 120]]
[[1289, 1879, 76, 90], [3011, 1605, 135, 85], [3229, 1302, 160, 141], [1258, 690, 166, 96], [4432, 669, 124, 102]]
[[4772, 1743, 112, 123], [2380, 859, 97, 126], [4631, 839, 106, 139], [3707, 828, 123, 85], [4578, 590, 108, 132], [1356, 568, 120, 148]]
[[2630, 1540, 147, 150], [4760, 1347, 94, 171], [909, 1069, 90, 85], [4889, 1062, 112, 109], [1241, 634, 135, 126]]
[[3808, 2164, 112, 145], [5578, 1870, 112, 141], [4745, 1719, 121, 79], [960, 1612, 124, 105], [2362, 955, 141, 117], [1317, 925, 127, 145], [1253, 545, 91, 93], [4655, 517, 151, 144]]
[[4172, 1977, 69, 123], [3635, 1694, 117, 144], [5552, 1454, 87, 120], [2248, 1439, 72, 102], [2541, 790, 90, 135], [1357, 706, 97, 109], [624, 264, 99, 93], [4702, 188, 156, 102], [1559, 147, 94, 70]]
[[4358, 1624, 136, 138], [4436, 1309, 114, 171], [916, 605, 61, 105], [4468, 593, 93, 90], [4161, 486, 91, 114], [1444, 273, 52, 85], [1188, 265, 93, 72]]
[[2429, 2072, 165, 132], [1478, 1655, 148, 76], [4804, 1011, 88, 159], [4584, 1003, 121, 117], [3882, 384, 123, 124], [1197, 185, 175, 103], [1319, 183, 171, 94]]
[[4928, 1831, 81, 112], [2944, 1733, 81, 153], [1029, 1343, 132, 160], [4458, 1001, 84, 159], [1027, 705, 76, 93], [4936, 551, 135, 87], [4333, 346, 127, 141], [1493, 219, 150, 129]]
[[1286, 1755, 153, 99], [2115, 1545, 108, 123], [4689, 1530, 96, 115], [901, 1069, 121, 126], [2411, 911, 153, 144], [3436, 731, 96, 124], [4127, 380, 90, 150]]
[[4145, 1818, 91, 81], [3062, 1744, 153, 163], [1931, 856, 121, 126], [4467, 577, 85, 117]]
[[4395, 2152, 115, 153], [1546, 1948, 105, 105], [3454, 1067, 111, 150], [2225, 929, 115, 88], [2696, 766, 121, 147], [4475, 400, 159, 141], [5556, 310, 109, 81]]
[[4358, 1935, 88, 91], [4702, 1719, 124, 150], [875, 1686, 94, 97], [4769, 1126, 94, 58], [1097, 487, 166, 115]]
[[3008, 1431, 112, 79], [927, 1002, 99, 75], [1901, 857, 81, 133], [4207, 713, 96, 115], [1569, 621, 76, 112]]
[[3161, 2023, 108, 147], [2183, 1022, 118, 130], [4363, 385, 102, 124]]
[[4703, 2122, 105, 154], [3859, 1910, 177, 160], [5502, 1809, 192, 118], [4396, 1587, 88, 103], [2340, 1391, 123, 103], [763, 1117, 124, 81], [3707, 975, 100, 144], [4303, 792, 159, 114], [4394, 446, 135, 181]]
[[4412, 1693, 108, 130], [4753, 681, 153, 135], [4153, 191, 117, 135]]
[[4706, 2016, 99, 130], [2365, 1387, 85, 130], [2570, 977, 120, 100], [2224, 930, 171, 111], [4530, 792, 63, 112], [2107, 705, 135, 94]]
[[4702, 2114, 142, 142], [1510, 1365, 96, 142], [4167, 1356, 138, 127], [3710, 804, 156, 178], [1567, 791, 102, 126], [1395, 178, 102, 115]]
[[4747, 1738, 138, 79], [1539, 1572, 112, 84], [1129, 1487, 121, 138], [3713, 1404, 69, 132], [2751, 1301, 76, 82], [3169, 1015, 112, 102], [4803, 520, 126, 120], [856, 307, 117, 111], [4474, 155, 67, 75]]
[[1784, 2178, 72, 90], [3693, 1882, 109, 81], [778, 1503, 175, 112], [4270, 995, 138, 115], [1152, 960, 97, 97], [1418, 939, 141, 144], [2247, 763, 153, 124], [3037, 760, 81, 135], [872, 613, 117, 64], [1502, 417, 130, 145]]
[[4944, 2146, 93, 91], [4700, 1996, 102, 133], [1894, 1641, 139, 124], [2053, 1117, 102, 70], [3041, 1010, 66, 93], [5561, 759, 102, 99], [795, 398, 75, 109]]
[[3803, 1967, 97, 99], [1017, 1638, 118, 154], [4615, 1598, 151, 84], [4876, 1581, 87, 121], [4376, 1386, 117, 72], [4881, 770, 87, 108], [3757, 760, 99, 108]]
[[2037, 1839, 132, 178], [938, 598, 181, 153], [4135, 336, 148, 121]]
[[1395, 2170, 97, 87], [1878, 1885, 162, 129], [3821, 1806, 135, 123], [826, 1737, 109, 151], [3115, 1653, 100, 103], [5620, 1642, 112, 124], [1188, 573, 103, 70]]
[[1602, 2218, 69, 94], [2484, 1436, 111, 63], [3656, 917, 63, 108], [2269, 830, 175, 126], [2975, 808, 109, 76], [5111, 366, 75, 70], [5133, 178, 57, 85]]
[[1843, 1774, 126, 103], [4837, 1693, 186, 118], [3617, 1680, 109, 130], [2319, 1026, 100, 157], [3570, 945, 117, 88], [1276, 761, 121, 127], [688, 651, 156, 112], [5600, 270, 151, 87], [4408, 242, 171, 153], [4662, 198, 127, 109], [4865, 189, 166, 96]]
[[2534, 2029, 114, 114], [4703, 1477, 136, 90], [1862, 1146, 162, 82], [4275, 877, 91, 97], [2182, 793, 127, 138], [817, 436, 52, 102]]
[[1572, 1986, 99, 115], [3352, 1915, 88, 79], [5555, 1459, 90, 175], [1537, 1428, 120, 78], [847, 963, 154, 103], [4314, 908, 91, 130], [5022, 869, 91, 79], [4740, 543, 180, 151], [4326, 280, 168, 132]]
[[3473, 1690, 127, 102], [2052, 1613, 97, 76], [2519, 1529, 147, 111], [1519, 1382, 85, 84], [4967, 868, 162, 94], [5068, 633, 69, 130]]
[[3590, 1830, 84, 103], [1317, 1380, 90, 96], [1386, 1370, 106, 138], [4438, 614, 105, 133], [4337, 587, 93, 136], [4201, 560, 70, 132], [4884, 226, 118, 130]]
[[2987, 2175, 94, 67], [4517, 2009, 87, 156], [3509, 1726, 136, 108], [3149, 1595, 105, 151], [1751, 1598, 94, 120], [2191, 1346, 96, 141], [1796, 1306, 52, 88], [3693, 1255, 103, 135], [2456, 1064, 81, 67], [1285, 391, 138, 87]]
[[1163, 1992, 121, 106], [706, 1316, 99, 102], [315, 873, 138, 79], [4227, 809, 103, 102], [1414, 780, 142, 76]]
[[4678, 1692, 163, 141], [3804, 1267, 141, 111], [1380, 1271, 118, 78], [3590, 754, 96, 112], [632, 459, 61, 100]]
[[984, 2112, 70, 90], [3467, 2031, 67, 115], [4462, 2016, 136, 187], [3817, 1903, 129, 157], [4403, 1897, 126, 106], [812, 1734, 79, 138], [4591, 1257, 145, 150], [849, 255, 76, 121]]
[[4183, 2051, 78, 93], [1955, 1730, 112, 99], [2192, 1658, 144, 145], [3358, 1647, 87, 109], [4758, 1041, 117, 108], [3866, 836, 118, 123], [3839, 711, 94, 142]]
[[4596, 1936, 133, 76], [2218, 1534, 72, 111], [3650, 1369, 60, 103], [277, 1209, 49, 81], [2179, 903, 112, 73], [3157, 665, 159, 154], [4837, 486, 135, 105], [1745, 478, 85, 75]]
[[1969, 2007, 100, 88], [201, 1912, 73, 61], [4415, 1799, 90, 78], [4853, 1553, 127, 90], [3346, 1471, 108, 73], [2110, 874, 142, 96], [3259, 805, 126, 93], [4880, 454, 111, 108], [4491, 323, 100, 102], [3876, 289, 97, 76], [1132, 149, 105, 82]]
[[3044, 1527, 111, 166], [761, 1479, 61, 82], [609, 1018, 100, 55], [1288, 847, 129, 135], [4845, 730, 154, 114], [4848, 471, 93, 108]]
[[1123, 1982, 102, 93], [2708, 1578, 94, 114], [3348, 995, 174, 142], [5683, 894, 123, 114], [3662, 876, 78, 132]]
[[4710, 1952, 120, 108], [993, 1649, 69, 76], [2370, 1543, 117, 109], [712, 499, 99, 94], [1071, 365, 63, 123], [4395, 116, 99, 88]]
[[3614, 1853, 64, 106], [4409, 1744, 129, 183], [3594, 1741, 130, 150], [2304, 1743, 114, 85], [4642, 1623, 126, 174]]
[[5632, 2224, 108, 85], [3454, 1683, 100, 66], [4466, 1526, 132, 121], [4742, 1501, 138, 111], [3198, 953, 112, 75], [699, 732, 111, 93], [927, 480, 112, 148], [4193, 291, 136, 78]]
[[687, 1991, 79, 85], [3348, 1774, 103, 105], [4669, 1601, 111, 84], [1455, 1147, 87, 61], [2406, 996, 126, 99], [4403, 990, 114, 127], [1190, 801, 127, 147], [4682, 285, 169, 138]]
[[2255, 2175, 114, 141], [4369, 1880, 100, 144], [2661, 1853, 114, 112], [1815, 1346, 120, 82], [4228, 816, 114, 136], [4351, 168, 76, 73]]
[[2190, 1839, 157, 124], [2483, 1647, 84, 81], [4944, 1077, 159, 130], [3281, 1063, 142, 85], [4114, 909, 148, 94], [4803, 436, 148, 91]]
[[4224, 1661, 120, 154], [956, 1389, 73, 115], [3691, 1131, 124, 85], [4485, 761, 99, 142], [2304, 751, 82, 88]]
[[2441, 1601, 76, 88], [1376, 1551, 141, 79], [1033, 634, 75, 127], [1556, 590, 67, 85]]
[[3512, 2246, 81, 76], [867, 1535, 136, 91], [232, 1448, 91, 90], [336, 1236, 57, 85], [931, 1139, 117, 85], [4353, 880, 87, 141], [201, 540, 102, 117]]
[[1244, 2276, 105, 84], [3268, 2196, 93, 135], [4619, 1503, 126, 157], [3320, 1492, 129, 124], [1451, 965, 112, 106], [4274, 544, 169, 147]]
[[3492, 2246, 102, 115], [770, 2248, 85, 93], [818, 1730, 120, 61], [2590, 1532, 145, 150], [1174, 783, 70, 105], [4364, 616, 88, 82], [4186, 435, 136, 72], [323, 286, 72, 93]]
[[717, 2245, 108, 85], [1077, 1679, 103, 79], [5062, 1568, 127, 147], [4868, 1506, 169, 108], [4980, 975, 135, 171], [4791, 551, 135, 99], [315, 512, 90, 66]]
[[633, 2000, 126, 103], [1071, 1587, 126, 111], [3421, 1356, 108, 117], [2280, 1124, 96, 88], [3525, 936, 90, 66], [4246, 630, 138, 96], [1050, 465, 88, 123], [5524, 294, 106, 118]]
[[3201, 1826, 91, 151], [1310, 1568, 85, 102], [2444, 942, 111, 97], [4529, 751, 157, 160], [1323, 529, 115, 115]]
[[3304, 1985, 109, 144], [3024, 1975, 115, 90], [3384, 1721, 121, 171], [4201, 1425, 126, 84], [3410, 1378, 106, 87], [2167, 827, 177, 109], [548, 524, 82, 69], [4381, 342, 118, 183]]
[[652, 1672, 118, 81], [2990, 1599, 81, 105], [4299, 1523, 148, 124], [4448, 1486, 120, 135]]
